  7.09e-05      0.537   7.83e-05   0.000142      0.885       22.7          0      0.527       83.2      0.596       16.3      0.826      0.303    0.00926     0.0005      0.931   0.000449          0     0.0116       0.36      0.126          0          0          0          0
  7.09e-05      0.537   7.82e-05   0.000142       1.01         23          0      0.587         82        0.7       16.5      0.928      0.283    0.00871     0.0005      0.939    0.00044          0     0.0117      0.376       0.12          0          0          0          0
  7.09e-05      0.537   7.76e-05   0.000142      0.995       23.1          0      0.589         82      0.672       16.6      0.867      0.295    0.00877     0.0005      0.937   0.000471          0     0.0126      0.352      0.122          0          0          0          0
  7.09e-05      0.537   7.31e-05   0.000142       1.02       23.1          0      0.601         82      0.672       16.6      0.856      0.292    0.00887     0.0005      0.937   0.000468          0     0.0124      0.361      0.121          0          0          0          0
  7.09e-05      0.537   6.36e-05   0.000142       1.14       25.6          0       0.61       73.4      0.649       18.4      0.883      0.205    0.00904     0.0005      0.965   0.000353          0     0.0117      0.404      0.144          0          0          0          0
  7.09e-05      0.537   6.36e-05   0.000142      0.999       26.3          0       0.52       80.8        0.7       18.9      0.922       0.18    0.00963     0.0005       0.98   0.000438          0     0.0133      0.525      0.181          0          0          0          0
  7.09e-05      0.537   6.36e-05   0.000142      0.979       28.1          0      0.532       78.1      0.673       20.2       1.08      0.226    0.00867     0.0005      0.963   0.000348          0     0.0115      0.415      0.147          0          0          0          0
  7.09e-05      0.537   6.36e-05   0.000142      0.979       27.8          0      0.531         78      0.671         20       1.08      0.226    0.00871     0.0005      0.964   0.000349          0     0.0116      0.417      0.148          0          0          0          0
  7.09e-05      0.537   6.36e-05   0.000142       1.28       25.6          0       0.68       84.4      0.678       18.4      0.676        0.2       0.01     0.0005      0.957   0.000337          0     0.0128      0.417      0.175          0          0          0          0
  7.09e-05      0.537   6.35e-05   0.000142       1.16       25.6          0      0.618         73      0.644       18.4      0.889      0.207    0.00894     0.0005      0.966   0.000347          0     0.0118      0.398      0.145          0          0          0          0
  7.09e-05      0.537   6.35e-05   0.000142       1.14       25.4          0      0.609       73.1      0.652       18.2      0.882      0.205    0.00899     0.0005      0.966   0.000354          0     0.0117      0.404      0.144          0          0          0          0
  7.09e-05      0.537   6.35e-05   0.000142      0.753       26.7          0      0.389       80.8       0.59       19.2       1.02      0.177    0.00963     0.0005      0.978   0.000463          0     0.0124      0.418      0.191          0          0          0          0
  7.09e-05      0.537   6.35e-05   0.000142       1.11       27.8          0      0.591       66.1       0.74         20      0.936      0.205    0.00871     0.0005      0.961   0.000319          0     0.0117      0.423      0.144          0          0          0          0
  7.09e-05      0.537   6.35e-05   0.000142       1.04       26.8          0      0.555       64.2      0.635       19.3      0.884      0.203    0.00884     0.0005      0.965   0.000371          0     0.0117      0.408      0.148          0          0          0          0
  7.09e-05      0.537   6.35e-05   0.000142      0.975       28.1          0      0.532       77.1      0.693       20.2       0.99       0.23    0.00835     0.0005      0.968   0.000331          0     0.0129      0.409      0.152          0          0          0          0
  7.09e-05      0.537   6.35e-05   0.000142      0.969       27.8          0      0.529       79.1      0.674         20       1.08      0.233     0.0086     0.0005      0.962   0.000348          0     0.0116      0.425      0.151          0          0          0          0
  7.09e-05      0.537   6.35e-05   0.000142      0.941         25          0      0.589       69.1      0.672         18      0.996       0.33    0.00905     0.0005      0.915   0.000546          0     0.0125      0.354      0.122          0          0          0          0
  7.09e-05      0.537   6.35e-05   0.000142      0.868       24.4          0      0.494       55.2       0.47       17.5      0.983      0.271    0.00851     0.0005      0.967   0.000464          0     0.0151      0.324      0.104          0          0          0          0
  7.09e-05      0.537   6.35e-05   0.000142       1.13       25.8          0      0.601       73.8      0.674       18.6      0.923      0.201    0.00916     0.0005       0.97   0.000353          0      0.011      0.394      0.145          0          0          0          0
  7.09e-05      0.537   6.33e-05   0.000142      0.953       26.4          0      0.512       73.4      0.655       18.9       1.03      0.219       0.01     0.0005      0.975   0.000419          0     0.0117      0.417      0.179          0          0          0          0
  7.09e-05      0.537   6.33e-05   0.000142          1       26.2          0      0.521       80.9      0.704       18.9      0.922      0.181     0.0096     0.0005       0.98   0.000439          0     0.0133      0.521      0.181          0          0          0          0
  7.09e-05      0.537    5.8e-05   0.000142       4.65        102          0       2.57       35.1      0.857       73.7      0.801      0.227    0.00917     0.0005      0.923   0.000622          0     0.0148        0.7      0.497          0          0          0          0
  7.09e-05      0.537    5.8e-05   0.000142       4.27         68          0       2.18       35.3       0.72       48.8       1.13      0.135    0.00983     0.0005       0.95   0.000421          0     0.0174      0.668      0.528          0          0          0          0
  7.09e-05      0.537    5.8e-05   0.000142       4.27       94.6          0       2.33       44.1       1.05         68      0.965      0.216    0.00886     0.0005      0.939   0.000564          0     0.0157      0.529      0.211          0          0          0          0
  7.09e-05      0.537    5.8e-05   0.000142       4.27       95.1          0       2.36       45.6       1.11       68.4      0.965      0.231    0.00766     0.0005      0.935   0.000589          0     0.0159       0.56       0.19          0          0          0          0
  7.09e-05      0.537    5.8e-05   0.000142       4.28       92.9          0       2.33       43.3        1.2       66.8      0.861      0.216    0.00872     0.0005      0.939   0.000602          0     0.0173      0.505      0.199          0          0          0          0
  7.09e-05      0.537    5.8e-05   0.000142        4.3       73.7          0       2.78        109      0.846       53.1       1.07      0.342    0.00765     0.0005      0.965   0.000282          0     0.0179      0.474      0.116          0          0          0          0
  7.09e-05      0.537    5.8e-05   0.000142        4.3        113          0       2.55        113      0.771       81.3      0.823      0.291    0.00602     0.0005      0.957   0.000346          0     0.0193      0.562      0.164          0          0          0          0
  7.09e-05      0.537    5.8e-05   0.000142       4.36       94.2          0       2.38       38.4      0.601       67.6       1.35      0.217    0.00894     0.0005      0.943   0.000585          0     0.0187      0.543      0.259          0          0          0          0
  7.09e-05      0.537    5.8e-05   0.000142       4.37         79          0       2.48       36.8      0.951         57      0.494      0.257     0.0094     0.0005      0.919   0.000433          0     0.0227      0.462      0.328          0          0          0          0
  7.09e-05      0.537    5.8e-05   0.000142       4.37       94.6          0       2.37       44.5       1.04         68       0.97       0.21    0.00864     0.0005      0.939   0.000573          0     0.0158      0.527      0.214          0          0          0          0
  7.09e-05      0.537    5.8e-05   0.000142       4.39       66.7          0       2.44       38.2      0.866       48.1       0.56       0.24    0.00903     0.0005      0.927   0.000436          0     0.0273      0.603      0.359          0          0          0          0
  7.09e-05      0.537    5.8e-05   0.000142        4.4       64.1          0       2.26       38.7      0.932         46       1.19      0.146       0.01     0.0005      0.952    0.00045          0     0.0176      0.647      0.606          0          0          0          0
  7.09e-05      0.537    5.8e-05   0.000142       4.44       51.5          0       2.38       31.5      0.837         37       1.15      0.195     0.0065     0.0005      0.937   0.000613          0    0.00721      0.862      0.365          0          0          0          0
  7.09e-05      0.537    5.8e-05   0.000142       4.44         81          0       2.65       36.2       1.55       58.3      0.784      0.295       0.01     0.0005      0.919   0.000482          0     0.0209      0.819      0.341          0          0          0          0
  7.09e-05      0.537    5.8e-05   0.000142       4.53       98.9          0        2.5       35.9      0.937       71.2      0.735      0.228    0.00907     0.0005       0.93   0.000585          0     0.0134      0.667      0.487          0          0          0          0
  7.09e-05      0.537    5.8e-05   0.000142       4.21       98.3          0       2.33       43.5       1.05       70.7      0.965      0.234    0.00894     0.0005      0.939   0.000559          0     0.0159      0.534      0.211          0          0          0          0
  7.09e-05      0.537    5.8e-05   0.000142       4.19       85.5          0       2.35       36.2       1.32       61.6      0.712      0.243       0.01     0.0005      0.915   0.000466          0     0.0179      0.824       0.31          0          0          0          0
  7.09e-05      0.537    5.8e-05   0.000142       4.04       65.6          0       2.14       36.5      0.891       47.2      0.606      0.181    0.00974     0.0005      0.894   0.000438          0     0.0233      0.564      0.232          0          0          0          0
  7.09e-05      0.537    5.8e-05   0.000142       4.18       73.1          0       2.16       36.1      0.872       52.4       1.21      0.157    0.00952     0.0005      0.951    0.00046          0     0.0172      0.596      0.594          0          0          0          0
  7.09e-05      0.537    5.8e-05   0.000142       3.82       96.3          0       2.36         95      0.863       69.3      0.989      0.316    0.00652     0.0005      0.957    0.00031          0     0.0171      0.538      0.166          0          0          0          0
  7.09e-05      0.537    5.8e-05   0.000142       3.83       88.2          0       2.24       67.6       1.08       63.5      0.883      0.279    0.00928     0.0005      0.956   0.000256          0     0.0201      0.438      0.187          0          0          0          0
  7.09e-05      0.537    5.8e-05   0.000142       3.83       94.9          0       2.35       95.6      0.852       68.3      0.985      0.315    0.00657     0.0005      0.957   0.000312          0     0.0171      0.537      0.166          0          0          0          0
  7.09e-05      0.537    5.8e-05   0.000142       3.85       94.7          0       2.35       96.3      0.862       68.2      0.999      0.311    0.00646     0.0005      0.959   0.000312          0     0.0174      0.536      0.162          0          0          0          0
  7.09e-05      0.537    5.8e-05   0.000142       3.87       60.2          0        2.2       28.4          1       43.3       1.07      0.256    0.00637     0.0005      0.925   0.000515          0     0.0069        0.9      0.305          0          0          0          0
  7.09e-05      0.537    5.8e-05   0.000142        3.9       59.6          0       2.15       35.6      0.949       42.9       1.11      0.229    0.00695     0.0005      0.921     0.0006          0    0.00735      0.886      0.397          0          0          0          0
  7.09e-05      0.537    5.8e-05   0.000142       3.91        101          0       2.22       64.8      0.959       72.8      0.859      0.255    0.00839     0.0005      0.956   0.000362          0     0.0218      0.629      0.194          0          0          0          0
  7.09e-05      0.537    5.8e-05   0.000142       3.92       77.9          0       2.23       34.6      0.922       56.2      0.494      0.258       0.01     0.0005      0.922   0.000501          0     0.0225      0.551      0.323          0          0          0          0
  7.09e-05      0.537    5.8e-05   0.000142       3.98       81.3          0        2.3       50.3      0.807       58.5      0.991      0.271    0.00659     0.0005      0.965   0.000418          0     0.0263      0.481      0.204          0          0          0          0
  7.09e-05      0.537    5.8e-05   0.000142       4.02       63.9          0       2.77       50.7      0.688         46      0.871      0.389     0.0071     0.0005      0.934   0.000346          0     0.0333      0.274      0.162          0          0          0          0
  7.09e-05      0.537    5.8e-05   0.000142       4.71       87.9          0       2.68       31.1      0.947       63.4       0.41      0.258       0.01     0.0005      0.915   0.000437          0     0.0239      0.607      0.234          0          0          0          0
  7.09e-05      0.537    5.8e-05   0.000142       4.09       95.8          0       2.33         59      0.861         69       0.87      0.263    0.00713     0.0005      0.956   0.000362          0     0.0226      0.548      0.178          0          0          0          0
  7.09e-05      0.537    5.8e-05   0.000142        4.1       64.4          0       2.12       34.8      0.801       46.2       1.13      0.154       0.01     0.0005      0.946    0.00044          0      0.017      0.656      0.564          0          0          0          0
  7.09e-05      0.537    5.8e-05   0.000142       4.11       63.6          0       2.12       34.9      0.807       45.7       1.13      0.154       0.01     0.0005      0.951   0.000449          0     0.0174      0.668      0.558          0          0          0          0
  7.09e-05      0.537    5.8e-05   0.000142       4.12       68.5          0       2.46       54.6      0.616       49.4      0.749      0.293    0.00705     0.0005      0.979   0.000406          0     0.0231      0.434       0.22          0          0          0          0
  7.09e-05      0.537    5.8e-05   0.000142       4.13       64.1          0       2.14       34.7      0.811         46       1.12      0.156       0.01     0.0005      0.946    0.00045          0     0.0169      0.656      0.567          0          0          0          0
  7.09e-05      0.537    5.8e-05   0.000142       4.16        107          0       2.41       86.4      0.941       77.3      0.832      0.279       0.01     0.0005      0.941   0.000306          0     0.0201      0.406      0.203          0          0          0          0
  7.09e-05      0.537    5.8e-05   0.000142       4.18       96.2          0       2.35         59      0.853       69.2      0.873      0.249    0.00737     0.0005      0.952   0.000364          0     0.0226      0.536      0.174          0          0          0          0
  7.09e-05      0.537    5.8e-05   0.000142       4.76       76.7          0       2.73       33.4      0.851       55.2      0.788      0.269    0.00676     0.0005      0.939   0.000492          0     0.0131      0.825      0.551          0          0          0          0
  7.09e-05      0.537    5.8e-05   0.000142       5.16       91.7          0       2.86       38.9      0.961       65.9       1.05      0.234    0.00953     0.0005      0.936   0.000533          0     0.0162      0.586      0.345          0          0          0          0
  7.09e-05      0.537    5.8e-05   0.000142       4.82       94.2          0       2.68       35.6      0.938       67.7      0.925      0.236    0.00906     0.0005      0.927   0.000575          0     0.0114      0.649      0.462          0          0          0          0
  7.09e-05      0.537    5.8e-05   0.000142       6.75         93          0       3.62       39.3       1.03       66.8       0.97      0.193       0.01     0.0005      0.936   0.000521          0     0.0137      0.657      0.368          0          0          0          0
  7.09e-05      0.537    5.8e-05   0.000142       6.75       94.5          0       3.63       39.2       1.05       67.9       0.97      0.194    0.00981     0.0005       0.94   0.000521          0     0.0135       0.67      0.372          0          0          0          0
  7.09e-05      0.537    5.8e-05   0.000142       6.77        106          0       3.66       55.1      0.927         76      0.862      0.206    0.00911     0.0005       0.94   0.000521          0      0.014      0.624      0.423          0          0          0          0
  7.09e-05      0.537    5.8e-05   0.000142        6.8       91.4          0       3.66       38.8       1.03       65.7      0.971      0.194    0.00991     0.0005      0.936   0.000518          0     0.0135      0.659      0.374          0          0          0          0
  7.09e-05      0.537    5.8e-05   0.000142       6.81       98.6          0        3.7       35.2      0.967       70.9      0.989      0.211    0.00994     0.0005      0.933    0.00054          0     0.0124      0.707      0.412          0          0          0          0
  7.09e-05      0.537    5.8e-05   0.000142       6.85       93.8          0        3.7       32.2       1.03       67.4      0.973      0.204       0.01     0.0005      0.934   0.000558          0     0.0128      0.707      0.438          0          0          0          0
  7.09e-05      0.537    5.8e-05   0.000142       6.93       94.2          0       3.73       33.9       1.02       67.7      0.973      0.199       0.01     0.0005       0.93    0.00054          0     0.0132       0.71      0.432          0          0          0          0
  7.09e-05      0.537    5.8e-05   0.000142       6.74       94.6          0       3.62       39.3       1.04         68       0.97      0.193    0.00979     0.0005       0.94   0.000521          0     0.0135      0.668      0.373          0          0          0          0
  7.09e-05      0.537    5.8e-05   0.000142       6.95       93.8          0       3.74       33.9       1.03       67.4      0.973      0.199    0.00997     0.0005       0.93   0.000541          0     0.0132      0.707      0.431          0          0          0          0
  7.09e-05      0.537    5.8e-05   0.000142       7.07       84.1          0       3.84       33.9       1.06       60.4       1.04       0.21       0.01     0.0005      0.922   0.000566          0     0.0108       0.82      0.456          0          0          0          0
  7.09e-05      0.537    5.8e-05   0.000142       7.22       87.1          0       3.89       39.7       1.03       62.6       1.02      0.201       0.01     0.0005      0.937   0.000518          0     0.0144       0.73      0.377          0          0          0          0
  7.09e-05      0.537    5.8e-05   0.000142       7.23        103          0       3.89       40.8        1.2       73.8      0.763      0.195    0.00999     0.0005      0.939   0.000427          0     0.0149      0.635      0.372          0          0          0          0
  7.09e-05      0.537    5.8e-05   0.000142        7.4       88.2          0       4.06       47.3       1.17       63.3       1.25      0.223    0.00818     0.0005      0.923   0.000545          0     0.0152      0.727      0.379          0          0          0          0
  7.09e-05      0.537    5.8e-05   0.000142       7.44        103          0       4.07       38.1      0.858       73.8      0.995      0.217       0.01     0.0005      0.936   0.000528          0     0.0137       0.48      0.343          0          0          0          0
  7.09e-05      0.537    5.8e-05   0.000142       7.57       98.2          0       3.87       30.2       1.12       70.7      0.666       0.14    0.00955     0.0005      0.953   0.000493          0     0.0131      0.633      0.368          0          0          0          0
  7.09e-05      0.537    5.8e-05   0.000142       7.73        102          0       4.24       44.4       1.05       73.6       1.16      0.224    0.00885     0.0005       0.94   0.000377          0     0.0138      0.763      0.372          0          0          0          0
  7.09e-05      0.537    5.8e-05   0.000142       7.01         88          0       3.78       37.4          1       63.3       1.01      0.202     0.0097     0.0005      0.928   0.000541          0     0.0129      0.727      0.405          0          0          0          0
  7.09e-05      0.537    5.8e-05   0.000142       6.69       89.5          0       3.65       37.5       1.08       64.4      0.881      0.215    0.00965     0.0005      0.928   0.000523          0     0.0137      0.664      0.355          0          0          0          0
  7.09e-05      0.537    5.8e-05   0.000142       6.58       89.5          0       3.54       37.4          1       64.3          1        0.2       0.01     0.0005      0.937     0.0005          0     0.0138      0.678       0.36          0          0          0          0
  7.09e-05      0.537    5.8e-05   0.000142       6.55       91.7          0       3.53       40.5       0.99       65.9      0.994      0.201       0.01     0.0005      0.936   0.000533          0     0.0137      0.613       0.38          0          0          0          0
  7.09e-05      0.537    5.8e-05   0.000142       4.86       97.4          0       2.68       35.6      0.851         70      0.928      0.226    0.00906     0.0005      0.926   0.000556          0     0.0114      0.703      0.414          0          0          0          0
  7.09e-05      0.537    5.8e-05   0.000142       4.99        114          0       2.68       44.1        0.9         82      0.858      0.197       0.01     0.0005      0.939   0.000575          0     0.0166      0.596      0.219          0          0          0          0
  7.09e-05      0.537    5.8e-05   0.000142          5       85.6          0       2.73       33.9       1.33       61.6      0.941      0.215       0.01     0.0005      0.939   0.000485          0     0.0149      0.739       0.33          0          0          0          0
  7.09e-05      0.537    5.8e-05   0.000142       5.07       72.4          0       2.86       29.7       1.27       52.2       0.52      0.252    0.00701     0.0005      0.899   0.000466          0     0.0159      0.647       0.31          0          0          0          0
  7.09e-05      0.537    5.8e-05   0.000142       5.09        128          0        2.8       38.8      0.885       92.3      0.793      0.228    0.00923     0.0005      0.928   0.000595          0     0.0129      0.784      0.418          0          0          0          0
  7.09e-05      0.537    5.8e-05   0.000142       5.09        130          0       2.81         46      0.723       93.7      0.865      0.226    0.00985     0.0005      0.931   0.000648          0     0.0141      0.704      0.295          0          0          0          0
  7.09e-05      0.537    5.8e-05   0.000142       5.11       70.7          0       2.63         33      0.861       50.8       1.08      0.149    0.00875     0.0005      0.913   0.000609          0     0.0147      0.672      0.284          0          0          0          0
  7.09e-05      0.537    5.8e-05   0.000142       3.81       97.5          0       2.33         96      0.854       70.2      0.989      0.311    0.00654     0.0005      0.957   0.000308          0     0.0171      0.552      0.167          0          0          0          0
  7.09e-05      0.537    5.8e-05   0.000142       5.45        108          0       3.02       35.9        1.2       77.9      0.842      0.233    0.00896     0.0005      0.933   0.000493          0     0.0154      0.576      0.277          0          0          0          0
  7.09e-05      0.537    5.8e-05   0.000142       5.56       81.2          0       2.93       36.1       1.04       58.3       1.21      0.175    0.00972     0.0005      0.953    0.00053          0     0.0135       0.65      0.433          0          0          0          0
  7.09e-05      0.537    5.8e-05   0.000142       5.76        102          0       3.03       36.8       1.67       73.2       0.74      0.176    0.00969     0.0005      0.961   0.000494          0      0.013      0.766      0.349          0          0          0          0
  7.09e-05      0.537    5.8e-05   0.000142        5.9       93.5          0       3.22       48.2      0.914       67.2       1.03      0.215    0.00869     0.0005      0.899   0.000371          0     0.0139        0.9      0.325          0          0          0          0
  7.09e-05      0.537    5.8e-05   0.000142       5.91        104          0       3.22       34.7       1.55       74.9       1.15      0.215    0.00973     0.0005       0.95   0.000479          0     0.0164      0.821      0.366          0          0          0          0
  7.09e-05      0.537    5.8e-05   0.000142       6.33       92.7          0       3.37       38.9       1.03       66.5       1.21      0.187    0.00972     0.0005      0.969    0.00054          0     0.0142       0.65      0.401          0          0          0          0
  7.09e-05      0.537    5.8e-05   0.000142        6.4        115          0       3.49       35.8       1.05         83      0.769      0.217    0.00915     0.0005       0.91   0.000432          0    0.00926      0.472      0.335          0          0          0          0
  7.09e-05      0.537    5.8e-05   0.000142       6.44        107          0       3.49       37.8       1.16       76.9      0.798      0.208    0.00873     0.0005       0.94   0.000507          0     0.0141      0.576      0.314          0          0          0          0
  7.09e-05      0.537    5.8e-05   0.000142       6.51       95.5          0       3.49       37.8       1.07       68.6      0.941      0.193    0.00949     0.0005      0.939    0.00051          0     0.0137      0.626      0.369          0          0          0          0
  7.09e-05      0.537    5.8e-05   0.000142       4.82       85.7          0       2.65       33.9       1.26       61.6       1.01      0.224       0.01     0.0005      0.938   0.000479          0     0.0158      0.703      0.329          0          0          0          0
  7.09e-05      0.537    5.8e-05   0.000142       5.21       79.7          0       2.89       36.7      0.953       57.3       1.13      0.234    0.00911     0.0005      0.951   0.000409          0     0.0192       0.48      0.365          0          0          0          0
  7.09e-05      0.537    5.8e-05   0.000142      0.651       52.9          0      0.437       52.9      0.406       38.1       1.07      0.371    0.00474     0.0005      0.938   0.000256          0     0.0341      0.419      0.328          0          0          0          0
  7.09e-05      0.537    5.8e-05   0.000142       3.75       60.3          0       2.06       35.6      0.938       43.3       1.11       0.23    0.00682     0.0005      0.919    0.00061          0    0.00721        0.9      0.389          0          0          0          0
  7.09e-05      0.537    5.8e-05   0.000142       1.43       45.2          0      0.805       40.3      0.514       32.5       1.11      0.257    0.00684     0.0005       0.98   0.000369          0     0.0262      0.396      0.299          0          0          0          0
  7.09e-05      0.537    5.8e-05   0.000142       1.43       53.3          0      0.805       38.4      0.432       38.3       1.21      0.258    0.00847     0.0005      0.967   0.000357          0     0.0414      0.484      0.327          0          0          0          0
  7.09e-05      0.537    5.8e-05   0.000142       1.43         65          0        1.1       60.3      0.564       46.9       0.94      0.455    0.00792     0.0005      0.979   0.000402          0      0.031      0.467      0.291          0          0          0          0
  7.09e-05      0.537    5.8e-05   0.000142       1.44       45.7          0      0.826       33.1      0.592       32.9       1.07       0.27    0.00707     0.0005      0.979   0.000401          0      0.024      0.394      0.279          0          0          0          0
  7.09e-05      0.537    5.8e-05   0.000142       1.45       43.6          0      0.817       32.4       0.59       31.4       1.08      0.257    0.00724     0.0005       0.98   0.000409          0      0.024      0.399      0.279          0          0          0          0
  7.09e-05      0.537    5.8e-05   0.000142       1.45       45.3          0      0.895       44.4       0.59       32.6          1      0.319    0.00756     0.0005      0.977   0.000427          0     0.0238      0.476      0.233          0          0          0          0
  7.09e-05      0.537    5.8e-05   0.000142       1.46       45.2          0      0.805       37.5      0.494       32.5       1.27      0.236     0.0066     0.0005      0.965   0.000408          0     0.0246      0.469      0.309          0          0          0          0
  7.09e-05      0.537    5.8e-05   0.000142       1.47       57.1          0       1.11       46.8      0.462       41.2      0.764       0.43    0.00796     0.0005      0.969   0.000459          0     0.0476      0.357      0.273          0          0          0          0
  7.09e-05      0.537    5.8e-05   0.000142       1.47       66.8          0       1.16       50.6       1.03       48.1       1.35      0.472       0.01     0.0005      0.933   0.000442          0     0.0252      0.634      0.157          0          0          0          0
  7.09e-05      0.537    5.8e-05   0.000142       1.48       73.4          0       1.18       38.7      0.384       52.9      0.986      0.474    0.00873     0.0005      0.968   0.000578          0     0.0369      0.428       0.28          0          0          0          0
  7.09e-05      0.537    5.8e-05   0.000142       1.48       78.9          0       1.04       60.4       0.58       56.8       1.03      0.396    0.00965     0.0005      0.971   0.000554          0     0.0272      0.399      0.232          0          0          0          0
  7.09e-05      0.537    5.8e-05   0.000142       1.49       46.2          0      0.826       33.1        0.6       33.2       1.07      0.239    0.00607     0.0005      0.965   0.000434          0      0.024      0.365      0.246          0          0          0          0
  7.09e-05      0.537    5.8e-05   0.000142        1.5       45.3          0      0.953       44.4      0.567       32.6       1.03      0.337    0.00695     0.0005       0.98    0.00041          0     0.0233      0.476      0.233          0          0          0          0
  7.09e-05      0.537    5.8e-05   0.000142        1.5       49.6          0      0.855       37.8      0.622       35.7       1.18      0.268    0.00725     0.0005      0.969   0.000471          0      0.023      0.503      0.257          0          0          0          0
  7.09e-05      0.537    5.8e-05   0.000142       1.52       51.5          0      0.815       22.7      0.599         37       1.07      0.209    0.00571     0.0005       0.98   0.000401          0      0.028      0.288      0.253          0          0          0          0
  7.09e-05      0.537    5.8e-05   0.000142       1.52       70.1          0       1.22       57.1      0.499       50.6      0.902      0.477     0.0088     0.0005       0.98   0.000464          0     0.0393      0.367      0.215          0          0          0          0
  7.09e-05      0.537    5.8e-05   0.000142       1.56         70          0        1.2         55      0.477       50.5      0.793       0.45    0.00881     0.0005      0.968   0.000487          0     0.0424      0.419      0.233          0          0          0          0
  7.09e-05      0.537    5.8e-05   0.000142       1.59       54.5          0      0.987       58.5      0.562       39.2       1.04      0.322    0.00702     0.0005      0.966   0.000427          0     0.0204      0.431      0.203          0          0          0          0
  7.09e-05      0.537    5.8e-05   0.000142        1.6         54          0      0.982       58.6      0.566       38.9       1.04      0.315    0.00705     0.0005      0.966   0.000416          0     0.0204      0.436      0.204          0          0          0          0
  7.09e-05      0.537    5.8e-05   0.000142        1.6       69.3          0       1.26       51.3      0.317       49.9      0.961      0.468    0.00697     0.0005      0.978   0.000362          0     0.0382       0.55      0.311          0          0          0          0
  7.09e-05      0.537    5.8e-05   0.000142       1.61       53.3          0      0.983       58.6      0.562       38.4       1.04      0.315      0.007     0.0005      0.967   0.000422          0     0.0205      0.435      0.204          0          0          0          0
  7.09e-05      0.537    5.8e-05   0.000142       1.41       61.9          0       1.06         57      0.575       44.7       0.94      0.432    0.00809     0.0005      0.965    0.00053          0     0.0302      0.426      0.269          0          0          0          0
  7.09e-05      0.537    5.8e-05   0.000142       1.65       68.3          0        1.2       44.1      0.478       49.2       1.04      0.415    0.00852     0.0005      0.968   0.000553          0     0.0369      0.407      0.276          0          0          0          0
  7.09e-05      0.537    5.8e-05   0.000142       1.38       45.8          0      0.805       54.9      0.409         33      0.943      0.284    0.00651     0.0005       0.98   0.000342          0     0.0318      0.445      0.269          0          0          0          0
  7.09e-05      0.537    5.8e-05   0.000142       1.37       66.2          0       1.01       60.4      0.557       47.7       0.94      0.417    0.00809     0.0005      0.969   0.000511          0     0.0291      0.392      0.263          0          0          0          0
  7.09e-05      0.537    5.8e-05   0.000142      0.728       28.3          0      0.551       84.4      0.626       20.4      0.906      0.441    0.00969     0.0005       0.93   0.000448          0      0.014      0.343      0.115          0          0          0          0
  7.09e-05      0.537    5.8e-05   0.000142      0.919       30.7          0       0.49       66.1       0.72       22.1       0.81      0.208    0.00839     0.0005      0.963   0.000292          0    0.00995      0.421      0.184          0          0          0          0
  7.09e-05      0.537    5.8e-05   0.000142      0.946       41.2          0      0.544       50.4      0.539       29.6       1.18      0.276    0.00974     0.0005      0.979    0.00035          0     0.0242       0.53       0.28          0          0          0          0
  7.09e-05      0.537    5.8e-05   0.000142       0.97       31.5          0      0.515       61.9      0.593       22.7      0.705      0.201    0.00978     0.0005       0.98   0.000479          0     0.0135      0.539      0.188          0          0          0          0
  7.09e-05      0.537    5.8e-05   0.000142      0.982         30          0      0.529       77.1      0.671       21.6       1.19      0.221     0.0092     0.0005       0.98   0.000379          0     0.0134      0.394      0.188          0          0          0          0
  7.09e-05      0.537    5.8e-05   0.000142      0.985       30.6          0      0.513       58.7      0.601         22      0.936      0.182    0.00751     0.0005      0.955   0.000477          0     0.0114       0.41      0.172          0          0          0          0
  7.09e-05      0.537    5.8e-05   0.000142      0.987       29.3          0      0.546       76.8      0.643       21.1       1.08      0.245    0.00913     0.0005      0.964   0.000342          0     0.0115       0.46      0.149          0          0          0          0
  7.09e-05      0.537    5.8e-05   0.000142       1.07       39.7          0      0.578       33.1      0.551       28.6       1.02       0.22    0.00724     0.0005      0.979   0.000405          0     0.0276      0.394      0.279          0          0          0          0
  7.09e-05      0.537    5.8e-05   0.000142       1.08       43.7          0      0.646       57.5      0.464       31.4       1.41      0.299    0.00695     0.0005      0.969   0.000314          0      0.034      0.509      0.206          0          0          0          0
  7.09e-05      0.537    5.8e-05   0.000142       1.16       79.5          0      0.893       43.6      0.449       57.3      0.891      0.449    0.00711     0.0005      0.964   0.000459          0     0.0415      0.354      0.273          0          0          0          0
  7.09e-05      0.537    5.8e-05   0.000142       1.21       30.3          0       0.64       66.8      0.779       21.8          1      0.198       0.01     0.0005      0.965   0.000276          0     0.0104      0.423      0.153          0          0          0          0
  7.09e-05      0.537    5.8e-05   0.000142       1.21       30.4          0      0.643       66.8      0.785       21.9      0.989      0.202       0.01     0.0005      0.969   0.000277          0     0.0105      0.417      0.153          0          0          0          0
  7.09e-05      0.537    5.8e-05   0.000142       1.21         73          0      0.773       49.8      0.437       52.6      0.889      0.336    0.00583     0.0005      0.979    0.00051          0     0.0425      0.456      0.214          0          0          0          0
  7.09e-05      0.537    5.8e-05   0.000142       1.24       78.9          0      0.987       43.6      0.448       56.9      0.932      0.472    0.00662     0.0005      0.964   0.000463          0     0.0434      0.347      0.265          0          0          0          0
  7.09e-05      0.537    5.8e-05   0.000142       1.26       30.4          0      0.669       69.8      0.785       21.9      0.929      0.198    0.00962     0.0005       0.97   0.000277          0     0.0109      0.436      0.157          0          0          0          0
  7.09e-05      0.537    5.8e-05   0.000142       1.29       52.5          0      0.822       40.7      0.472       37.8       1.11      0.335    0.00617     0.0005      0.959   0.000274          0     0.0307      0.349      0.299          0          0          0          0
  7.09e-05      0.537    5.8e-05   0.000142       1.33       32.4          0      0.708       79.8      0.974       23.3      0.989      0.199       0.01     0.0005       0.96   0.000248          0      0.014      0.482      0.197          0          0          0          0
  7.09e-05      0.537    5.8e-05   0.000142       1.36       46.4          0      0.805       50.4      0.403       33.4       1.21      0.291    0.00693     0.0005      0.964   0.000407          0     0.0361      0.429      0.238          0          0          0          0
  7.09e-05      0.537    5.8e-05   0.000142       1.36       49.7          0      0.805       50.4      0.426       35.8       1.14      0.291    0.00684     0.0005      0.969   0.000369          0     0.0371      0.533      0.223          0          0          0          0
  7.09e-05      0.537    5.8e-05   0.000142       1.36       53.4          0      0.914       60.5      0.607       38.5      0.932       0.37    0.00648     0.0005      0.957    0.00044          0     0.0351      0.371      0.213          0          0          0          0
  7.09e-05      0.537    5.8e-05   0.000142       1.36       62.8          0       0.92       71.5      0.607       45.2       1.02      0.372    0.00648     0.0005      0.959   0.000511          0     0.0303      0.314      0.285          0          0          0          0
  7.09e-05      0.537    5.8e-05   0.000142       1.37         81          0       1.09         54      0.477       58.4      0.743      0.477    0.00787     0.0005      0.968   0.000464          0      0.045      0.378      0.207          0          0          0          0
  7.09e-05      0.537    5.8e-05   0.000142       3.79       77.8          0       2.16       34.3      0.985       56.1      0.494      0.258       0.01     0.0005      0.918   0.000484          0     0.0227      0.532      0.346          0          0          0          0
  7.09e-05      0.537    5.8e-05   0.000142       1.66       68.3          0       1.26       45.7      0.412       49.2       1.01      0.439    0.00763     0.0005      0.977    0.00057          0     0.0359      0.417      0.282          0          0          0          0
  7.09e-05      0.537    5.8e-05   0.000142       1.71         81          0        1.3       76.2      0.451       58.4      0.626      0.439    0.00969     0.0005      0.947   0.000507          0     0.0439       0.39      0.207          0          0          0          0
  7.09e-05      0.537    5.8e-05   0.000142       2.93       69.5          0       1.85       59.7      0.711       50.1      0.953      0.331       0.01     0.0005      0.975   0.000242          0      0.023      0.465      0.172          0          0          0          0
  7.09e-05      0.537    5.8e-05   0.000142       3.05       39.1          0        1.7       36.4      0.784       28.1       1.29      0.241    0.00301     0.0005      0.952   0.000585          0    0.00723        0.9      0.415          0          0          0          0
  7.09e-05      0.537    5.8e-05   0.000142       3.11         64          0       2.04       59.7      0.789       46.1       1.08      0.353       0.01     0.0005      0.952   0.000277          0     0.0262       0.46      0.172          0          0          0          0
  7.09e-05      0.537    5.8e-05   0.000142       3.12       68.2          0       1.74       55.7      0.659       49.1      0.626      0.241    0.00714     0.0005      0.939    0.00046          0     0.0275      0.425      0.143          0          0          0          0
  7.09e-05      0.537    5.8e-05   0.000142        3.2       74.4          0       1.91       50.1      0.655       53.6      0.666      0.296    0.00736     0.0005      0.943   0.000443          0     0.0254      0.425      0.169          0          0          0          0
  7.09e-05      0.537    5.8e-05   0.000142       3.26       63.5          0       2.16       61.2      0.818       45.7       1.12      0.355    0.00983     0.0005      0.955   0.000268          0     0.0283      0.432      0.158          0          0          0          0
  7.09e-05      0.537    5.8e-05   0.000142       3.27       68.6          0       2.02       58.1      0.613       49.4      0.881      0.318    0.00743     0.0005      0.943   0.000408          0     0.0234      0.407      0.194          0          0          0          0
  7.09e-05      0.537    5.8e-05   0.000142       3.37       38.5          0       1.85       39.6      0.802       27.7       1.24      0.225    0.00428     0.0005      0.927   0.000633          0    0.00629      0.534      0.363          0          0          0          0
  7.09e-05      0.537    5.8e-05   0.000142        3.4       69.3          0       2.14       54.4      0.609       49.9      0.887      0.327    0.00727     0.0005      0.953   0.000422          0     0.0284      0.412      0.176          0          0          0          0
  7.09e-05      0.537    5.8e-05   0.000142       3.42       68.9          0       2.09       54.5      0.622       49.7      0.862      0.311    0.00718     0.0005      0.952   0.000425          0     0.0262      0.439      0.172          0          0          0          0
  7.09e-05      0.537    5.8e-05   0.000142       3.43       69.3          0       2.15       54.3      0.611       49.9      0.892      0.326     0.0073     0.0005      0.953   0.000424          0     0.0284      0.415      0.176          0          0          0          0
  7.09e-05      0.537    5.8e-05   0.000142       3.51       72.8          0       2.15         54      0.612       52.5      0.859      0.315    0.00733     0.0005       0.95   0.000424          0     0.0284      0.421      0.173          0          0          0          0
  7.09e-05      0.537    5.8e-05   0.000142       3.51       73.1          0       2.15       54.3      0.616       52.7      0.856      0.315    0.00741     0.0005       0.95   0.000426          0     0.0284      0.424      0.173          0          0          0          0
  7.09e-05      0.537    5.8e-05   0.000142       3.54       65.2          0       2.41       55.9      0.764         47        1.1      0.375    0.00899     0.0005      0.938   0.000226          0     0.0245      0.446      0.171          0          0          0          0
  7.09e-05      0.537    5.8e-05   0.000142       3.54       68.3          0       1.85       47.6      0.899         49       1.23      0.167    0.00953     0.0005      0.944   0.000533          0     0.0137      0.548      0.383          0          0          0          0
  7.09e-05      0.537    5.8e-05   0.000142       3.54         72          0       2.16       54.6      0.616       51.9      0.856       0.31    0.00726     0.0005      0.953   0.000425          0     0.0279      0.429      0.173          0          0          0          0
  7.09e-05      0.537    5.8e-05   0.000142       3.55         57          0       2.41       43.6      0.568       41.1      0.903      0.381    0.00798     0.0005      0.959   0.000448          0     0.0268      0.444      0.151          0          0          0          0
  7.09e-05      0.537    5.8e-05   0.000142       3.58       69.1          0       2.01       32.8      0.901       49.8      0.485      0.246    0.00938     0.0005      0.913   0.000405          0     0.0233      0.564      0.306          0          0          0          0
  7.09e-05      0.537    5.8e-05   0.000142        3.6       68.3          0       2.03       32.7      0.901       49.2      0.488      0.251    0.00936     0.0005      0.912   0.000414          0     0.0229      0.578      0.306          0          0          0          0
  7.09e-05      0.537    5.8e-05   0.000142       3.74       77.2          0       2.12       33.3      0.965       55.7       0.49      0.258    0.00986     0.0005      0.919   0.000485          0     0.0239       0.54      0.326          0          0          0          0
  7.09e-05      0.537    5.8e-05   0.000142       3.74         83          0       2.45         40      0.875       59.9      0.702       0.35    0.00986     0.0005        0.9   0.000363          0     0.0225      0.463      0.326          0          0          0          0
  7.09e-05      0.537    5.8e-05   0.000142       2.91       67.6          0       1.85       59.7      0.724       48.7      0.974      0.334       0.01     0.0005      0.975   0.000232          0      0.023      0.434      0.172          0          0          0          0
  7.09e-05      0.537    5.8e-05   0.000142       1.68       72.8          0       1.24       44.1        0.4       52.5      0.986      0.415    0.00628     0.0005      0.977   0.000544          0     0.0352      0.364      0.347          0          0          0          0
  7.09e-05      0.537    5.8e-05   0.000142       2.81       72.9          0       1.74       66.1      0.757       52.5      0.982      0.319       0.01     0.0005       0.98   0.000227          0      0.021      0.494      0.181          0          0          0          0
  7.09e-05      0.537    5.8e-05   0.000142       2.71       62.2          0       1.95         55      0.768       44.8        1.1      0.406    0.00972     0.0005      0.933   0.000376          0     0.0225      0.512      0.172          0          0          0          0
  7.09e-05      0.537    5.8e-05   0.000142       1.72       40.2          0       1.47       46.8      0.462         29      0.897      0.527    0.00901     0.0005      0.973   0.000459          0     0.0415      0.363      0.332          0          0          0          0
  7.09e-05      0.537    5.8e-05   0.000142       1.75       78.3          0       1.31       51.8       0.33       56.5      0.547       0.43    0.00796     0.0005      0.963    0.00058          0     0.0583      0.259      0.247          0          0          0          0
  7.09e-05      0.537    5.8e-05   0.000142       1.76       60.2          0       1.26       42.2      0.421       43.4       1.01      0.406    0.00716     0.0005       0.98   0.000537          0     0.0381      0.417      0.273          0          0          0          0
  7.09e-05      0.537    5.8e-05   0.000142       1.76       68.3          0        1.2       44.1      0.482       49.2      0.976      0.379    0.00725     0.0005      0.978   0.000491          0     0.0369      0.367      0.331          0          0          0          0
  7.09e-05      0.537    5.8e-05   0.000142       1.76       80.3          0       1.15        102      0.786       57.9       1.14      0.353    0.00923     0.0005      0.956   0.000311          0     0.0218      0.437      0.246          0          0          0          0
  7.09e-05      0.537    5.8e-05   0.000142       1.79       72.6          0       1.29       43.8      0.512       52.4      0.727      0.407    0.00773     0.0005      0.977   0.000517          0      0.026      0.409      0.229          0          0          0          0
  7.09e-05      0.537    5.8e-05   0.000142       1.82       70.2          0        1.2       59.9      0.498       50.6       1.06      0.356    0.00852     0.0005      0.971   0.000483          0     0.0369      0.402       0.23          0          0          0          0
  7.09e-05      0.537    5.8e-05   0.000142       1.83       39.4          0          1       79.8      0.945       28.3       1.08      0.228    0.00908     0.0005      0.978   0.000257          0     0.0251      0.471      0.163          0          0          0          0
  7.09e-05      0.537    5.8e-05   0.000142       1.83       50.2          0       1.12       63.6      0.541       36.1          1      0.315    0.00645     0.0005      0.955   0.000416          0     0.0226       0.43      0.225          0          0          0          0
  7.09e-05      0.537    5.8e-05   0.000142       1.92       70.3          0       1.32       50.7      0.557       50.7       0.94       0.38      0.009     0.0005      0.977   0.000549          0     0.0291       0.34      0.234          0          0          0          0
  7.09e-05      0.537    5.8e-05   0.000142       1.93       70.9          0       1.31       42.3      0.464       51.1       1.04      0.377    0.00905     0.0005      0.967   0.000567          0     0.0347       0.47      0.341          0          0          0          0
  7.09e-05      0.537    5.8e-05   0.000142       1.99       74.3          0        1.6       45.8      0.473       53.6      0.881      0.482    0.00824     0.0005      0.968   0.000514          0     0.0452      0.444      0.198          0          0          0          0
  7.09e-05      0.537    5.8e-05   0.000142       2.04       93.9          0       1.35       94.1      0.786       67.6        1.1      0.356     0.0083     0.0005      0.974   0.000353          0     0.0242      0.487      0.217          0          0          0          0
  7.09e-05      0.537    5.8e-05   0.000142       2.34       46.2          0       1.34       71.3      0.843       33.2       1.13      0.269    0.00949     0.0005       0.98   0.000257          0     0.0251      0.535      0.165          0          0          0          0
  7.09e-05      0.537    5.8e-05   0.000142       2.36       71.8          0       1.48       52.7      0.562       51.7      0.949      0.325     0.0088     0.0005      0.972   0.000483          0      0.025      0.452      0.215          0          0          0          0
  7.09e-05      0.537    5.8e-05   0.000142       2.37       46.1          0       1.35         70      0.854       33.2       1.07      0.264    0.00911     0.0005      0.977   0.000284          0     0.0227      0.495      0.165          0          0          0          0
  7.09e-05      0.537    5.8e-05   0.000142       2.38       65.3          0       1.49       41.9      0.653         47       1.14      0.329     0.0088     0.0005      0.972   0.000366          0     0.0204      0.489      0.228          0          0          0          0
  7.09e-05      0.537    5.8e-05   0.000142        2.5       45.7          0       1.47       71.3      0.902       32.9       1.06      0.286       0.01     0.0005       0.98    0.00025          0     0.0251      0.582      0.188          0          0          0          0
  7.09e-05      0.537    5.8e-05   0.000142        2.5        102          0       1.55        114      0.786       73.5      0.987      0.319    0.00795     0.0005       0.97    0.00026          0     0.0259       0.45      0.234          0          0          0          0
  7.09e-05      0.537    5.8e-05   0.000142       2.54       38.5          0       1.42       39.3      0.757       27.7        1.1      0.241    0.00496     0.0005      0.935   0.000633          0    0.00723      0.683      0.363          0          0          0          0
  7.09e-05      0.537    5.8e-05   0.000142        2.7       62.7          0       1.96       55.2      0.744       45.2       1.11      0.408    0.00964     0.0005      0.932   0.000376          0     0.0228      0.518      0.172          0          0          0          0
  7.09e-05      0.537    5.8e-05   0.000142       2.79       64.4          0       2.04       53.5      0.742       46.4       1.16      0.412       0.01     0.0005       0.94   0.000368          0     0.0227      0.526      0.172          0          0          0          0
  7.09e-05      0.537    5.8e-05   0.000142        3.8       94.8          0       2.35       95.8      0.853       68.3      0.988      0.316    0.00654     0.0005      0.957   0.000312          0     0.0171      0.536      0.165          0          0          0          0
