  7.09e-05      0.537   8.53e-05   0.000142      0.789       20.2          0      0.428        170       0.78       14.5       1.61      0.229    0.00794     0.0005      0.957    0.00026          0     0.0101      0.194      0.148          0          0          0          0
  7.09e-05      0.537   8.62e-05   0.000142      0.784       20.3          0      0.427        151      0.709       14.6       1.65      0.235    0.00857     0.0005      0.956   0.000243          0     0.0104      0.171      0.141          0          0          0          0
  7.09e-05      0.537   8.59e-05   0.000142      0.781       20.5          0      0.427        150      0.712       14.7       1.65      0.238    0.00849     0.0005      0.955   0.000244          0     0.0103      0.172      0.142          0          0          0          0
  7.09e-05      0.537   8.59e-05   0.000142      0.943       17.5          0      0.478       99.6        0.6       12.5       1.71      0.147    0.00525     0.0005      0.941   0.000288          0     0.0128      0.104      0.194          0          0          0          0
  7.09e-05      0.537   8.58e-05   0.000142       1.13       17.5          0      0.572        101        0.6       12.5       1.68      0.147    0.00357     0.0005       0.94   0.000349          0     0.0145      0.119      0.178          0          0          0          0
  7.09e-05      0.537   8.58e-05   0.000142       0.93       18.3          0      0.474       87.1      0.551       13.1       1.75      0.153    0.00521     0.0005      0.943   0.000295          0     0.0118      0.104      0.199          0          0          0          0
  7.09e-05      0.537   8.57e-05   0.000142      0.959       16.4          0      0.484       99.7      0.608       11.8        1.7      0.144    0.00531     0.0005      0.943   0.000286          0     0.0134        0.1      0.189          0          0          0          0
  7.09e-05      0.537   8.57e-05   0.000142       0.81       16.8          0      0.427        148      0.707         12       1.58      0.196    0.00692     0.0005       0.98   0.000285          0    0.00774      0.215      0.119          0          0          0          0
  7.09e-05      0.537   8.57e-05   0.000142      0.802       17.2          0      0.413       96.9      0.565       12.3       1.71      0.171    0.00532     0.0005      0.947    0.00026          0     0.0119      0.123      0.167          0          0          0          0
  7.09e-05      0.537   8.57e-05   0.000142      0.788       20.6          0      0.427        151      0.753       14.8       1.78      0.232    0.00838     0.0005      0.955   0.000225          0     0.0104      0.164      0.154          0          0          0          0
  7.09e-05      0.537   8.57e-05   0.000142      0.763       19.4          0      0.414        150      0.734       13.9       1.72      0.231    0.00968     0.0005      0.949   0.000261          0    0.00865      0.188      0.136          0          0          0          0
  7.09e-05      0.537   8.56e-05   0.000142      0.781       20.4          0      0.424        150      0.737       14.6       1.64      0.229    0.00848     0.0005      0.959    0.00026          0     0.0107      0.176      0.139          0          0          0          0
  7.09e-05      0.537   8.56e-05   0.000142      0.795       19.2          0      0.427        171      0.557       13.8       1.65       0.22    0.00923     0.0005      0.938   0.000245          0    0.00926      0.195      0.148          0          0          0          0
  7.09e-05      0.537   8.56e-05   0.000142      0.836       16.9          0      0.431        102      0.565       12.1       1.59       0.17    0.00557     0.0005      0.949    0.00026          0     0.0116      0.135      0.187          0          0          0          0
  7.09e-05      0.537   8.56e-05   0.000142      0.846       20.3          0      0.451        157      0.764       14.5       1.55      0.211     0.0079     0.0005      0.958   0.000252          0     0.0105      0.184      0.129          0          0          0          0
  7.09e-05      0.537   8.56e-05   0.000142      0.943       17.5          0      0.478       99.6        0.6       12.5       1.71      0.147    0.00525     0.0005      0.941   0.000288          0     0.0128      0.104      0.194          0          0          0          0
  7.09e-05      0.537   8.56e-05   0.000142        0.9       17.4          0      0.456        104      0.533       12.4       1.75      0.147    0.00557     0.0005      0.924   0.000324          0     0.0135     0.0958      0.204          0          0          0          0
  7.09e-05      0.537   8.56e-05   0.000142      0.901       16.5          0      0.492        144      0.667       11.8       1.39      0.233    0.00592     0.0005      0.946   0.000272          0    0.00901      0.183      0.142          0          0          0          0
  7.09e-05      0.537   8.56e-05   0.000142      0.973         17          0      0.492        101      0.625       12.2       1.73      0.144    0.00508     0.0005      0.947   0.000299          0     0.0129      0.102      0.188          0          0          0          0
  7.09e-05      0.537   8.56e-05   0.000142      0.853         19          0      0.452        186      0.763       13.6       1.96      0.203    0.00766     0.0005      0.956   0.000238          0      0.011       0.16       0.13          0          0          0          0
  7.09e-05      0.537   8.55e-05   0.000142      0.752       20.2          0      0.416        179      0.711       14.5        1.8      0.251    0.00799     0.0005       0.95   0.000262          0      0.011      0.176      0.158          0          0          0          0
  7.09e-05      0.537   8.55e-05   0.000142      0.792       18.9          0      0.428        132      0.711       13.5       1.65      0.228    0.00832     0.0005      0.963   0.000241          0     0.0117      0.175      0.153          0          0          0          0
  7.09e-05      0.537   8.55e-05   0.000142      0.782       18.6          0      0.427        152      0.692       13.3       1.59      0.235     0.0086     0.0005      0.956   0.000275          0       0.01      0.174      0.126          0          0          0          0
  7.09e-05      0.537   8.55e-05   0.000142      0.909       21.5          0      0.497        110      0.725       15.4       1.66      0.234    0.00544     0.0005      0.937   0.000314          0    0.00865      0.105      0.153          0          0          0          0
  7.09e-05      0.537   8.55e-05   0.000142      0.876       21.2          0      0.476        122      0.788       15.2       1.66      0.229    0.00683     0.0005       0.98    0.00022          0     0.0101      0.156       0.18          0          0          0          0
  7.09e-05      0.537   8.55e-05   0.000142      0.854         21          0      0.458        143      0.712       15.1       1.44      0.218    0.00836     0.0005      0.954   0.000244          0     0.0111      0.144      0.139          0          0          0          0
  7.09e-05      0.537   8.54e-05   0.000142      0.791       19.7          0       0.43        153      0.802       14.1        1.7      0.235    0.00879     0.0005       0.96   0.000237          0     0.0109      0.161      0.148          0          0          0          0
  7.09e-05      0.537   8.54e-05   0.000142      0.791       20.4          0      0.437        155      0.679       14.6       1.71      0.249    0.00834     0.0005      0.955    0.00023          0     0.0103      0.165      0.139          0          0          0          0
  7.09e-05      0.537   8.54e-05   0.000142      0.792       18.3          0       0.42        159      0.703       13.1       1.65      0.205    0.00851     0.0005      0.965   0.000238          0     0.0106      0.146      0.142          0          0          0          0
  7.09e-05      0.537   8.54e-05   0.000142      0.793       20.5          0      0.434        150      0.703       14.7       1.64      0.238     0.0086     0.0005      0.955   0.000244          0     0.0101      0.174      0.145          0          0          0          0
  7.09e-05      0.537   8.54e-05   0.000142      0.795       20.1          0      0.435        161      0.754       14.4       1.65      0.238    0.00822     0.0005      0.954   0.000254          0     0.0102      0.163      0.142          0          0          0          0
  7.09e-05      0.537   8.54e-05   0.000142      0.811       20.8          0      0.435        145      0.742       14.9       1.65       0.22    0.00895     0.0005      0.961   0.000237          0     0.0108      0.176       0.15          0          0          0          0
  7.09e-05      0.537   8.54e-05   0.000142      0.828       19.4          0      0.449        153       0.69       13.9       1.73      0.229    0.00903     0.0005       0.96   0.000251          0     0.0104      0.192      0.167          0          0          0          0
  7.09e-05      0.537   8.54e-05   0.000142       0.83       21.9          0      0.444        171      0.808       15.7        1.5      0.218     0.0092     0.0005      0.968   0.000285          0     0.0109      0.161       0.12          0          0          0          0
  7.09e-05      0.537   8.54e-05   0.000142      0.881       19.1          0      0.479        148      0.687       13.7       1.71      0.232    0.00857     0.0005      0.954   0.000285          0     0.0114      0.176      0.139          0          0          0          0
  7.09e-05      0.537   8.54e-05   0.000142      0.888       21.1          0      0.493        138      0.667       15.1       1.96       0.25    0.00716     0.0005      0.973   0.000183          0     0.0074      0.177      0.118          0          0          0          0
  7.09e-05      0.537   8.54e-05   0.000142      0.906       22.1          0      0.497        137      0.667       15.8       1.34      0.238    0.00573     0.0005      0.961   0.000268          0    0.00867      0.143      0.122          0          0          0          0
  7.09e-05      0.537   8.54e-05   0.000142      0.917       21.9          0      0.504        145      0.683       15.7       1.36      0.239     0.0059     0.0005      0.961   0.000279          0    0.00875      0.148       0.13          0          0          0          0
  7.09e-05      0.537   8.54e-05   0.000142      0.932       20.4          0      0.495        102       0.76       14.6       1.92      0.203    0.00857     0.0005      0.956   0.000271          0    0.00814      0.171      0.168          0          0          0          0
  7.09e-05      0.537   8.54e-05   0.000142      0.941       17.7          0      0.477       99.4        0.6       12.7       1.71      0.147    0.00527     0.0005      0.941   0.000288          0     0.0128      0.105      0.194          0          0          0          0
  7.09e-05      0.537   8.54e-05   0.000142       0.95       19.8          0      0.515        157      0.709       14.2       1.72      0.227    0.00879     0.0005      0.973   0.000263          0     0.0122       0.16      0.129          0          0          0          0
  7.09e-05      0.537   8.54e-05   0.000142      0.967       15.5          0      0.529        160      0.709       11.1       1.61      0.237       0.01     0.0005      0.969   0.000257          0    0.00941       0.21      0.146          0          0          0          0
  7.09e-05      0.537   8.54e-05   0.000142      0.704       21.2          0      0.388        147      0.677       15.2       1.79      0.247    0.00726     0.0005       0.96   0.000237          0    0.00984      0.178      0.152          0          0          0          0
  7.09e-05      0.537   8.54e-05   0.000142      0.841       18.8          0      0.466        155      0.709       13.5       1.84      0.249    0.00734     0.0005      0.951   0.000238          0       0.01      0.164       0.14          0          0          0          0
  7.09e-05      0.537   8.53e-05   0.000142      0.767       22.4          0      0.418        159      0.726       16.1        1.6      0.235    0.00825     0.0005      0.942   0.000247          0     0.0109      0.145      0.135          0          0          0          0
  7.09e-05      0.537   8.53e-05   0.000142      0.771       19.2          0      0.422        155      0.707       13.7       1.69      0.237    0.00857     0.0005      0.959   0.000242          0     0.0105      0.169      0.137          0          0          0          0
  7.09e-05      0.537   8.53e-05   0.000142      0.757       19.9          0      0.419        142      0.817       14.3       1.68       0.25    0.00761     0.0005      0.949   0.000198          0    0.00993      0.179      0.164          0          0          0          0
  7.09e-05      0.537   8.53e-05   0.000142      0.839         20          0      0.458        150      0.716       14.4       1.88      0.235    0.00887     0.0005       0.95    0.00024          0     0.0104       0.18      0.124          0          0          0          0
  7.09e-05      0.537   8.53e-05   0.000142      0.791       20.9          0      0.433        106      0.796         15       1.66      0.238    0.00559     0.0005       0.93    0.00026          0    0.00814     0.0893      0.127          0          0          0          0
  7.09e-05      0.537   8.53e-05   0.000142      0.959       20.3          0      0.527        143      0.718       14.6       1.48      0.239    0.00843     0.0005      0.972   0.000286          0      0.011      0.176      0.153          0          0          0          0
  7.09e-05      0.537   8.53e-05   0.000142      0.757       20.6          0      0.408        135      0.679       14.8       1.67      0.225    0.00857     0.0005      0.959   0.000236          0     0.0118      0.171      0.141          0          0          0          0
  7.09e-05      0.537   8.53e-05   0.000142      0.904       21.8          0      0.499        145      0.676       15.6       1.36      0.242    0.00587     0.0005      0.961   0.000279          0    0.00861      0.149       0.13          0          0          0          0
  7.09e-05      0.537   8.52e-05   0.000142      0.897         20          0      0.495        145      0.655       14.3       1.28      0.242    0.00636     0.0005      0.946   0.000279          0    0.00952      0.184       0.13          0          0          0          0
  7.09e-05      0.537   8.52e-05   0.000142      0.893       19.7          0      0.488        162      0.709       14.1       1.75      0.235     0.0094     0.0005      0.966   0.000256          0     0.0104       0.18      0.122          0          0          0          0
  7.09e-05      0.537   8.52e-05   0.000142      0.781       20.5          0      0.426        150      0.702       14.7       1.63      0.236    0.00856     0.0005      0.956   0.000245          0     0.0103      0.169       0.14          0          0          0          0
  7.09e-05      0.537   8.52e-05   0.000142       0.78       20.3          0      0.425        151      0.722       14.5       1.64      0.235    0.00864     0.0005      0.957   0.000242          0     0.0104      0.169      0.141          0          0          0          0
  7.09e-05      0.537   8.51e-05   0.000142       0.84       19.7          0      0.466        154      0.735       14.2       1.65      0.251    0.00858     0.0005      0.963   0.000241          0     0.0103      0.166      0.143          0          0          0          0
  7.09e-05      0.537    8.5e-05   0.000142      0.778       20.2          0      0.426        150      0.705       14.5       1.65      0.241    0.00846     0.0005      0.957   0.000246          0     0.0103      0.173      0.144          0          0          0          0
  7.09e-05      0.537   8.49e-05   0.000142      0.864       20.2          0      0.469        136      0.676       14.5       1.59       0.23    0.00992     0.0005      0.952   0.000189          0     0.0097      0.201      0.134          0          0          0          0
  7.09e-05      0.537   8.49e-05   0.000142      0.792       20.1          0      0.435        145      0.757       14.5       1.47      0.243    0.00946     0.0005      0.973   0.000301          0     0.0102      0.163      0.141          0          0          0          0
  7.09e-05      0.537   8.49e-05   0.000142       0.54       20.4          0      0.295        118       0.69       14.6       1.74      0.245    0.00755     0.0005      0.956   0.000243          0     0.0118       0.16      0.172          0          0          0          0
  7.09e-05      0.537   8.47e-05   0.000142      0.715       20.2          0      0.369        125      0.826       14.5       1.95      0.178    0.00857     0.0005      0.973   0.000265          0    0.00919      0.186      0.126          0          0          0          0
  7.09e-05      0.537   8.47e-05   0.000142      0.785       19.4          0      0.401       90.6      0.626       13.8       1.88      0.162    0.00495     0.0005      0.939    0.00035          0     0.0101      0.104      0.196          0          0          0          0
  7.09e-05      0.537   8.47e-05   0.000142      0.777       19.3          0      0.423        152      0.701       13.8        1.7      0.235    0.00857     0.0005      0.956   0.000243          0     0.0108      0.166      0.131          0          0          0          0
  7.09e-05      0.537   8.46e-05   0.000142      0.884       22.2          0      0.481        155      0.531       15.9       1.95      0.233    0.00939     0.0005      0.925   0.000305          0     0.0135      0.135      0.169          0          0          0          0
  7.09e-05      0.537   8.46e-05   0.000142      0.773       20.4          0      0.427        181      0.839       14.6       1.84       0.25    0.00897     0.0005      0.934   0.000245          0    0.00775      0.171      0.137          0          0          0          0
  7.09e-05      0.537   8.46e-05   0.000142      0.761       19.5          0      0.407        155      0.763         14        1.8      0.218    0.00804     0.0005       0.96   0.000252          0    0.00987      0.172      0.126          0          0          0          0
  7.09e-05      0.537   8.46e-05   0.000142      0.701       18.7          0      0.382        151       0.73       13.4       2.26      0.237       0.01     0.0005      0.962   0.000243          0     0.0109      0.166      0.141          0          0          0          0
  7.09e-05      0.537   8.46e-05   0.000142      0.699       20.2          0      0.379        146      0.709       14.5       1.78      0.232    0.00893     0.0005      0.958   0.000243          0     0.0113      0.171      0.145          0          0          0          0
  7.09e-05      0.537   8.46e-05   0.000142      0.663       20.3          0      0.367        150      0.714       14.6       1.84      0.254    0.00849     0.0005      0.955   0.000263          0     0.0121       0.15      0.144          0          0          0          0
  7.09e-05      0.537   8.46e-05   0.000142      0.648       17.5          0      0.356        171      0.709       12.5       1.18      0.244    0.00714     0.0005       0.98   0.000243          0      0.011      0.161      0.151          0          0          0          0
  7.09e-05      0.537   8.45e-05   0.000142      0.623       18.2          0      0.339        175      0.712       13.1       1.72      0.238    0.00929     0.0005       0.98   0.000289          0      0.012      0.178      0.162          0          0          0          0
  7.09e-05      0.537   8.45e-05   0.000142      0.724       20.4          0      0.394        151      0.732       14.6       1.62      0.235    0.00774     0.0005      0.966   0.000236          0    0.00972      0.186      0.154          0          0          0          0
  7.09e-05      0.537   8.45e-05   0.000142      0.739       20.2          0      0.405        161      0.813       14.5       1.86      0.242    0.00854     0.0005      0.963   0.000249          0    0.00997      0.151      0.142          0          0          0          0
  7.09e-05      0.537   8.45e-05   0.000142      0.757       20.7          0      0.419        154      0.681       14.9       1.72       0.25    0.00849     0.0005      0.948   0.000256          0    0.00966      0.184      0.143          0          0          0          0
  7.09e-05      0.537   8.45e-05   0.000142      0.781       18.8          0      0.427        152      0.672       13.5       1.71      0.237     0.0087     0.0005       0.96   0.000239          0     0.0105      0.172      0.142          0          0          0          0
  7.09e-05      0.537   8.45e-05   0.000142      0.781       20.9          0      0.428        152      0.753         15       1.58      0.239    0.00878     0.0005      0.964   0.000244          0     0.0103      0.168      0.145          0          0          0          0
  7.09e-05      0.537   8.45e-05   0.000142      0.798       19.8          0      0.439        147      0.702       14.2       1.67      0.246    0.00848     0.0005      0.957   0.000237          0     0.0102      0.166      0.135          0          0          0          0
  7.09e-05      0.537   8.45e-05   0.000142      0.784       17.9          0      0.427        135      0.709       12.8       1.57      0.236    0.00855     0.0005      0.958    0.00025          0     0.0102      0.178      0.134          0          0          0          0
  7.09e-05      0.537   8.45e-05   0.000142      0.784       20.1          0      0.427        154      0.709       14.4       1.66      0.235    0.00858     0.0005      0.956   0.000241          0     0.0103      0.171      0.141          0          0          0          0
  7.09e-05      0.537   8.45e-05   0.000142      0.784       20.4          0      0.427        151      0.706       14.6       1.65      0.235    0.00856     0.0005      0.956   0.000243          0     0.0104      0.172      0.141          0          0          0          0
  7.09e-05      0.537   8.44e-05   0.000142      0.684         22          0      0.361        153       0.54       15.7       1.71      0.204    0.00961     0.0005      0.962   0.000242          0     0.0103      0.213      0.179          0          0          0          0
  7.09e-05      0.537   8.44e-05   0.000142      0.764       20.1          0      0.417        154      0.709       14.4       1.64      0.236    0.00848     0.0005      0.955   0.000241          0     0.0104      0.169      0.141          0          0          0          0
  7.09e-05      0.537   8.44e-05   0.000142      0.773       20.2          0      0.428        156      0.703       14.5        1.6      0.249    0.00809     0.0005      0.957   0.000237          0     0.0101      0.171      0.139          0          0          0          0
  7.09e-05      0.537   8.44e-05   0.000142      0.715       21.5          0      0.389        151      0.545       15.4       1.92      0.237    0.00857     0.0005      0.956   0.000279          0     0.0102      0.188      0.139          0          0          0          0
  7.09e-05      0.537   8.44e-05   0.000142      0.779         21          0      0.425        143      0.706       15.1       1.61      0.235    0.00852     0.0005      0.956   0.000241          0     0.0104      0.174      0.142          0          0          0          0
  7.09e-05      0.537   8.44e-05   0.000142      0.787       19.8          0      0.428        151      0.709       14.2       1.65      0.235    0.00884     0.0005      0.953   0.000244          0     0.0106      0.167      0.141          0          0          0          0
  7.09e-05      0.537   8.44e-05   0.000142      0.789         20          0      0.428        150      0.712       14.4       1.65      0.231    0.00856     0.0005      0.956   0.000243          0     0.0105       0.17      0.143          0          0          0          0
  7.09e-05      0.537   8.44e-05   0.000142      0.913       21.5          0      0.498        110      0.725       15.4       1.66      0.233    0.00545     0.0005      0.937   0.000315          0    0.00863      0.105      0.153          0          0          0          0
  7.09e-05      0.537   8.44e-05   0.000142      0.778       20.7          0      0.426        151      0.702       14.8       1.64      0.239    0.00864     0.0005      0.956   0.000241          0     0.0105       0.17      0.143          0          0          0          0
  7.09e-05      0.537   8.43e-05   0.000142      0.777         21          0      0.432        149      0.692       15.1       1.65      0.253    0.00827     0.0005      0.947   0.000216          0     0.0103      0.174      0.139          0          0          0          0
  7.09e-05      0.537   8.43e-05   0.000142      0.737       19.3          0      0.403        140      0.643       13.8       1.69      0.238    0.00883     0.0005      0.961   0.000213          0    0.00963      0.171      0.141          0          0          0          0
  7.09e-05      0.537   8.43e-05   0.000142      0.723       20.4          0      0.402        151      0.576       14.6       1.82      0.255       0.01     0.0005      0.971   0.000209          0    0.00802      0.189      0.135          0          0          0          0
  7.09e-05      0.537   8.43e-05   0.000142       0.78       20.5          0      0.427        151      0.701       14.7       1.65      0.239    0.00836     0.0005      0.954   0.000246          0     0.0103      0.173      0.143          0          0          0          0
  7.09e-05      0.537   8.42e-05   0.000142      0.791       20.6          0      0.427        150      0.715       14.7       1.66      0.226    0.00882     0.0005      0.958   0.000243          0     0.0106      0.167      0.136          0          0          0          0
  7.09e-05      0.537   8.42e-05   0.000142      0.512       20.3          0      0.266        127        0.6       14.6       2.03      0.188    0.00469     0.0005      0.949   0.000206          0     0.0118     0.0993      0.167          0          0          0          0
  7.09e-05      0.537   8.41e-05   0.000142      0.963       20.3          0      0.522        138       0.58       14.6      0.966      0.227    0.00762     0.0005      0.972   0.000414          0     0.0149       0.19      0.115          0          0          0          0
  7.09e-05      0.537   8.41e-05   0.000142      0.867       19.1          0      0.462        157      0.597       13.7      0.969      0.209    0.00636     0.0005      0.974   0.000309          0     0.0101      0.158      0.118          0          0          0          0
  7.09e-05      0.537   8.41e-05   0.000142      0.727       20.7          0      0.407        157        0.7       14.9       1.57      0.262    0.00838     0.0005       0.96   0.000248          0     0.0103       0.17      0.141          0          0          0          0
  7.09e-05      0.537    8.4e-05   0.000142       1.01       22.3          0      0.552        147      0.681         16       1.33      0.235    0.00857     0.0005      0.942   0.000227          0     0.0104      0.177       0.13          0          0          0          0
  7.09e-05      0.537    8.4e-05   0.000142      0.877       18.3          0      0.466        136      0.597       13.2          1      0.205    0.00725     0.0005      0.977   0.000341          0      0.011      0.176      0.131          0          0          0          0
  7.09e-05      0.537    8.4e-05   0.000142      0.811       18.8          0      0.452        131        0.6       13.5       1.42      0.255    0.00655     0.0005      0.979   0.000244          0    0.00963      0.196      0.158          0          0          0          0
  7.09e-05      0.537    8.4e-05   0.000142       0.87       18.5          0      0.462        170      0.589       13.3       1.03      0.205    0.00616     0.0005      0.977   0.000308          0     0.0101      0.165       0.12          0          0          0          0
  7.09e-05      0.537   8.39e-05   0.000142       0.99       20.2          0      0.545        144        0.7       14.5       1.12      0.242    0.00878     0.0005      0.964   0.000371          0     0.0106      0.162     0.0854          0          0          0          0
  7.09e-05      0.537   8.39e-05   0.000142      0.853       20.4          0      0.478        176      0.709       14.6       1.53      0.261    0.00916     0.0005      0.953   0.000243          0    0.00986      0.187      0.141          0          0          0          0
  7.09e-05      0.537   8.39e-05   0.000142      0.678       20.2          0      0.349        193       0.94       14.5       2.01      0.177    0.00662     0.0005      0.963   0.000264          0     0.0098      0.173      0.134          0          0          0          0
  7.09e-05      0.537   8.39e-05   0.000142       1.04       20.6          0      0.581        144       0.58       14.8      0.989      0.251    0.00762     0.0005      0.974   0.000365          0     0.0111      0.179      0.115          0          0          0          0
  7.09e-05      0.537   8.38e-05   0.000142          1       20.3          0      0.543        151      0.799       14.6       1.31      0.223    0.00962     0.0005       0.98   0.000243          0     0.0117       0.19      0.144          0          0          0          0
  7.09e-05      0.537   8.38e-05   0.000142      0.964       20.8          0      0.523        148      0.714         15      0.922      0.227    0.00762     0.0005      0.957    0.00045          0      0.016      0.253     0.0979          0          0          0          0
  7.09e-05      0.537   8.38e-05   0.000142      0.865       19.6          0      0.463        147      0.548       14.1      0.988      0.216    0.00802     0.0005      0.974   0.000364          0      0.012      0.179      0.121          0          0          0          0
  7.09e-05      0.537   8.38e-05   0.000142      0.656       21.3          0      0.359        149      0.874       15.3       1.65      0.241    0.00858     0.0005      0.964   0.000214          0     0.0119      0.144      0.172          0          0          0          0
  7.09e-05      0.537   8.38e-05   0.000142      0.617       21.4          0      0.334        158      0.842       15.4       1.83      0.235    0.00856     0.0005      0.935   0.000257          0     0.0104      0.181      0.141          0          0          0          0
  7.09e-05      0.537   8.37e-05   0.000142       1.04       21.9          0      0.583        134      0.557       15.8       1.16      0.252    0.00762     0.0005       0.97    0.00034          0     0.0113      0.182      0.121          0          0          0          0
  7.09e-05      0.537   8.37e-05   0.000142       0.93       20.1          0      0.493        129      0.705       14.4      0.874      0.201    0.00728     0.0005      0.971   0.000339          0    0.00985      0.143      0.131          0          0          0          0
  7.09e-05      0.537   8.36e-05   0.000142      0.657       17.4          0      0.338        164      0.586       12.5       1.54      0.177     0.0083     0.0005      0.964   0.000235          0     0.0113      0.164      0.155          0          0          0          0
  7.09e-05      0.537   8.35e-05   0.000142      0.718       20.4          0      0.383        165      0.645       14.7       1.29      0.214    0.00737     0.0005      0.952   0.000244          0     0.0101      0.197      0.184          0          0          0          0
  7.09e-05      0.537   8.35e-05   0.000142      0.635       21.1          0       0.33        188      0.794       15.1       2.06      0.188       0.01     0.0005      0.969   0.000263          0    0.00906      0.142      0.107          0          0          0          0
  7.09e-05      0.537   8.35e-05   0.000142       1.04       20.7          0      0.598        155      0.623       14.9      0.968      0.276    0.00856     0.0005       0.96   0.000339          0    0.00918      0.161     0.0956          0          0          0          0
  7.09e-05      0.537   8.34e-05   0.000142       1.35       20.4          0       0.73        128      0.612       14.7      0.817      0.217       0.01     0.0005      0.952   0.000352          0     0.0101      0.188      0.147          0          0          0          0
  7.09e-05      0.537   8.34e-05   0.000142       1.08       21.7          0      0.587        123      0.566       15.6      0.592      0.226     0.0098     0.0005      0.923   0.000426          0     0.0106      0.214      0.144          0          0          0          0
  7.09e-05      0.537   8.34e-05   0.000142       1.08       21.5          0      0.584        120      0.568       15.5      0.589      0.222       0.01     0.0005      0.921   0.000427          0     0.0107      0.215      0.143          0          0          0          0
  7.09e-05      0.537   8.34e-05   0.000142       1.08       21.5          0      0.578        115      0.636       15.5      0.596       0.21    0.00905     0.0005      0.934   0.000363          0     0.0099      0.196      0.135          0          0          0          0
  7.09e-05      0.537   8.34e-05   0.000142      0.854       21.1          0       0.45        155      0.822       15.2       1.28      0.196       0.01     0.0005      0.955   0.000239          0     0.0119      0.169      0.114          0          0          0          0
  7.09e-05      0.537   8.34e-05   0.000142      0.752       19.6          0       0.42        138      0.667         14       1.65      0.261    0.00795     0.0005      0.956   0.000267          0    0.00895      0.168      0.118          0          0          0          0
  7.09e-05      0.537   8.34e-05   0.000142      0.744       21.7          0      0.409        144      0.732       15.6       1.65      0.245    0.00895     0.0005      0.956   0.000244          0    0.00967      0.172      0.136          0          0          0          0
  7.09e-05      0.537   8.33e-05   0.000142      0.941       22.1          0      0.522        120      0.636       15.9      0.358       0.25    0.00747     0.0005      0.931   0.000321          0    0.00909      0.266      0.135          0          0          0          0
  7.09e-05      0.537   8.33e-05   0.000142       1.02       21.6          0      0.537        128      0.636       15.6      0.592      0.197     0.0093     0.0005      0.931   0.000358          0    0.00978      0.215      0.142          0          0          0          0
  7.09e-05      0.537   8.33e-05   0.000142       1.06       20.7          0      0.583        115      0.542       14.9       0.58      0.238     0.0094     0.0005      0.923   0.000416          0     0.0107        0.2      0.139          0          0          0          0
  7.09e-05      0.537   8.33e-05   0.000142        1.1       21.7          0      0.592        116      0.624       15.6      0.596      0.213    0.00864     0.0005      0.934   0.000393          0    0.00971       0.22      0.131          0          0          0          0
  7.09e-05      0.537   8.33e-05   0.000142       1.07       21.7          0      0.581        127      0.568       15.6      0.604      0.226    0.00991     0.0005      0.924   0.000423          0     0.0105      0.214      0.145          0          0          0          0
  7.09e-05      0.537   8.32e-05   0.000142       1.07       21.9          0      0.582        126      0.566       15.8      0.562      0.229       0.01     0.0005      0.923   0.000416          0    0.00977      0.221      0.135          0          0          0          0
  7.09e-05      0.537   8.32e-05   0.000142       1.04       20.9          0      0.572        125      0.646       15.1      0.358      0.236    0.00747     0.0005      0.942   0.000321          0    0.00972      0.297      0.133          0          0          0          0
  7.09e-05      0.537   8.32e-05   0.000142       1.04       20.5          0      0.579        141      0.605       14.7          1      0.245    0.00768     0.0005      0.967   0.000365          0     0.0113      0.174      0.124          0          0          0          0
  7.09e-05      0.537   8.32e-05   0.000142       1.04       19.6          0      0.572        132      0.587       14.1       0.34      0.236    0.00748     0.0005       0.94   0.000239          0     0.0102      0.338      0.134          0          0          0          0
  7.09e-05      0.537   8.32e-05   0.000142      0.984       22.1          0      0.569         99      0.552       15.9      0.512      0.282    0.00796     0.0005      0.934   0.000434          0     0.0105      0.296      0.122          0          0          0          0
  7.09e-05      0.537   8.31e-05   0.000142       0.78       18.7          0      0.427        155      0.734       13.4       1.54       0.24    0.00971     0.0005      0.964   0.000226          0     0.0102      0.184       0.15          0          0          0          0
  7.09e-05      0.537   8.31e-05   0.000142      0.774         20          0      0.429        144      0.445       14.4      0.829      0.251    0.00776     0.0005      0.962   0.000325          0     0.0142      0.189      0.106          0          0          0          0
  7.09e-05      0.537   8.31e-05   0.000142      0.691       20.3          0      0.377        146      0.576       14.6       1.48      0.238       0.01     0.0005      0.979   0.000296          0    0.00856      0.175      0.144          0          0          0          0
  7.09e-05      0.537   8.31e-05   0.000142      0.675       22.4          0      0.375        149      0.762       16.1        1.3      0.256    0.00662     0.0005      0.938   0.000243          0      0.012      0.112      0.116          0          0          0          0
  7.09e-05      0.537    8.3e-05   0.000142      0.686       18.2          0      0.378        151      0.671       13.1       1.48      0.249    0.00876     0.0005      0.939   0.000234          0     0.0104      0.172      0.128          0          0          0          0
  7.09e-05      0.537    8.3e-05   0.000142      0.804       16.8          0      0.467       81.5      0.631       12.1       0.66      0.286       0.01     0.0005      0.939   0.000434          0     0.0137      0.351      0.134          0          0          0          0
  7.09e-05      0.537    8.3e-05   0.000142      0.804       22.2          0       0.48       79.3      0.593         16      0.779      0.304    0.00926     0.0005      0.934   0.000434          0     0.0112      0.339      0.129          0          0          0          0
  7.09e-05      0.537    8.3e-05   0.000142      0.838         21          0      0.487       79.3      0.607       15.1      0.696      0.286      0.009     0.0005      0.927   0.000413          0     0.0113      0.289      0.129          0          0          0          0
  7.09e-05      0.537    8.3e-05   0.000142      0.804       22.2          0      0.478       79.3       0.61         16      0.719      0.303     0.0087     0.0005      0.924   0.000413          0     0.0114      0.276      0.132          0          0          0          0
  7.09e-05      0.537   8.28e-05   0.000142      0.699       19.9          0      0.399        176      0.775       14.3       1.47      0.278       0.01     0.0005      0.962   0.000222          0     0.0127      0.159      0.141          0          0          0          0
  7.09e-05      0.537   8.27e-05   0.000142       1.05       15.4          0      0.557       99.5      0.557       11.1      0.946      0.191     0.0069     0.0005       0.96   0.000355          0     0.0149      0.104      0.218          0          0          0          0
  7.09e-05      0.537   8.27e-05   0.000142      0.892       17.1          0      0.499        148       0.53       12.3       1.07      0.258    0.00806     0.0005      0.946   0.000253          0    0.00845      0.192      0.125          0          0          0          0
  7.09e-05      0.537   8.27e-05   0.000142      0.751       20.4          0       0.41        157      0.645       14.6       1.58      0.237    0.00994     0.0005      0.964   0.000249          0     0.0115      0.159       0.13          0          0          0          0
  7.09e-05      0.537   8.26e-05   0.000142       0.68       21.9          0      0.369        173      0.546       15.7       1.64      0.236       0.01     0.0005      0.952   0.000311          0     0.0106      0.213      0.111          0          0          0          0
  7.09e-05      0.537   8.23e-05   0.000142      0.845       21.1          0       0.48        111      0.814       15.2      0.296      0.273    0.00731     0.0005      0.922   0.000321          0    0.00814      0.266      0.154          0          0          0          0
  7.09e-05      0.537   8.23e-05   0.000142      0.743       18.8          0      0.414        162      0.587       13.5       1.25      0.258       0.01     0.0005       0.94   0.000244          0      0.011     0.0897      0.122          0          0          0          0
  7.09e-05      0.537   8.22e-05   0.000142      0.677       19.3          0      0.367        158      0.744       13.8       1.53      0.235      0.009     0.0005      0.956   0.000243          0      0.011      0.167      0.138          0          0          0          0
  7.09e-05      0.537   8.22e-05   0.000142      0.943       19.1          0      0.524        149        0.7       13.7       1.18      0.251    0.00899     0.0005      0.963   0.000364          0     0.0106      0.167     0.0867          0          0          0          0
  7.09e-05      0.537   8.22e-05   0.000142       0.79       21.8          0      0.441        101      0.661       15.7      0.363      0.259    0.00694     0.0005       0.94     0.0003          0     0.0104      0.302      0.132          0          0          0          0
  7.09e-05      0.537   8.22e-05   0.000142      0.783       18.8          0      0.421        153      0.618       13.5      0.822      0.222    0.00786     0.0005      0.957   0.000203          0    0.00936      0.171     0.0962          0          0          0          0
  7.09e-05      0.537    8.2e-05   0.000142      0.657       19.7          0      0.376        151      0.588       14.2       1.39      0.281    0.00906     0.0005      0.953   0.000263          0    0.00952      0.171      0.128          0          0          0          0
  7.09e-05      0.537   8.13e-05   0.000142      0.761       22.2          0      0.473       85.3      0.598         16      0.821      0.327    0.00768     0.0005      0.924   0.000463          0     0.0126      0.286      0.139          0          0          0          0
  7.09e-05      0.537   8.11e-05   0.000142      0.567         17          0      0.311        125      0.695       12.2       1.56       0.25    0.00894     0.0005      0.944   0.000261          0     0.0103      0.164      0.124          0          0          0          0
  7.09e-05      0.537   8.07e-05   0.000142      0.728         23          0      0.384        151      0.761       16.5        1.7      0.199    0.00797     0.0005      0.943   0.000271          0       0.01      0.167      0.148          0          0          0          0
  7.09e-05      0.537   8.06e-05   0.000142      0.969       23.5          0      0.535       99.9      0.735       16.8       1.92      0.243    0.00597     0.0005      0.923    0.00033          0    0.00854      0.105      0.112          0          0          0          0
  7.09e-05      0.537   8.05e-05   0.000142      0.822       22.6          0      0.434        143      0.828       16.2       1.35      0.196    0.00857     0.0005      0.969    0.00028          0     0.0088      0.171      0.157          0          0          0          0
  7.09e-05      0.537   8.04e-05   0.000142      0.914       23.4          0      0.495        148       0.75       16.8       1.43      0.225    0.00674     0.0005      0.946   0.000277          0     0.0108      0.168      0.154          0          0          0          0
  7.09e-05      0.537   8.01e-05   0.000142      0.719       20.4          0      0.484       88.7      0.508       14.7      0.837      0.371    0.00761     0.0005      0.925   0.000407          0     0.0145      0.339      0.086          0          0          0          0
  7.09e-05      0.537      8e-05   0.000142      0.971       22.4          0      0.559        104      0.552       16.2      0.521      0.277    0.00781     0.0005      0.929   0.000426          0    0.00944      0.282      0.128          0          0          0          0
  7.09e-05      0.537   7.98e-05   0.000142      0.789       22.4          0      0.469       80.6      0.591       16.1      0.781      0.301    0.00868     0.0005      0.935   0.000436          0     0.0116      0.338      0.132          0          0          0          0
  7.09e-05      0.537   7.96e-05   0.000142      0.707       23.1          0      0.383        133      0.608       16.6       1.65      0.232    0.00824     0.0005      0.962   0.000225          0     0.0127       0.16      0.142          0          0          0          0
  7.09e-05      0.537   7.95e-05   0.000142      0.801       22.7          0      0.427        172      0.664       16.3       1.69      0.212    0.00871     0.0005      0.965   0.000208          0     0.0114      0.145      0.142          0          0          0          0
  7.09e-05      0.537   7.94e-05   0.000142      0.578       23.6          0      0.316        151      0.785         17       1.62      0.246    0.00709     0.0005      0.962   0.000276          0     0.0093      0.168      0.174          0          0          0          0
  7.09e-05      0.537   7.92e-05   0.000142       1.08       22.6          0      0.659       85.2      0.675       16.3       1.02      0.315    0.00926     0.0005      0.922   0.000416          0     0.0147      0.384     0.0982          0          0          0          0
  7.09e-05      0.537    7.9e-05   0.000142      0.789       22.4          0      0.427        156      0.702         16       1.64      0.229    0.00948     0.0005      0.958   0.000244          0     0.0111      0.169      0.131          0          0          0          0
  7.09e-05      0.537   7.85e-05   0.000142      0.467       22.1          0      0.251        141      0.608       15.9       1.61      0.235    0.00857     0.0005      0.972   0.000205          0      0.014      0.177      0.125          0          0          0          0
  7.09e-05      0.537   7.84e-05   0.000142      0.762       22.8          0      0.427        151      0.752       16.4       1.46      0.262    0.00813     0.0005      0.944   0.000237          0     0.0103      0.146      0.136          0          0          0          0
  7.09e-05      0.537   7.83e-05   0.000142       0.98       22.7          0      0.558       94.5      0.555       16.4      0.502      0.271    0.00828     0.0005      0.931   0.000444          0     0.0104      0.289      0.122          0          0          0          0
  7.09e-05      0.537   7.83e-05   0.000142      0.826       22.8          0       0.45        127      0.582       16.4      0.973      0.234     0.0062     0.0005      0.948   0.000364          0     0.0119      0.119      0.121          0          0          0          0
  7.09e-05      0.537   7.82e-05   0.000142       1.15       23.1          0       0.62       83.5      0.694       16.7      0.618      0.219    0.00898     0.0005      0.921   0.000367          0    0.00996      0.205      0.141          0          0          0          0
  7.09e-05      0.537   7.82e-05   0.000142      0.885       22.6          0      0.527       83.2      0.596       16.3      0.826      0.303    0.00926     0.0005      0.931   0.000449          0     0.0116       0.36      0.126          0          0          0          0
  7.09e-05      0.537   7.82e-05   0.000142      0.881       22.6          0      0.526       83.2      0.599       16.3      0.829      0.304    0.00926     0.0005      0.931   0.000449          0     0.0116      0.359      0.126          0          0          0          0
  7.09e-05      0.537   7.78e-05   0.000142      0.764       23.2          0      0.427        129      0.702       16.7       1.33      0.261    0.00872     0.0005       0.95   0.000279          0     0.0111      0.185      0.178          0          0          0          0
  7.09e-05      0.537   7.76e-05   0.000142      0.896       22.5          0      0.526       78.7      0.587       16.2      0.789       0.29    0.00867     0.0005      0.926   0.000425          0     0.0122      0.368      0.123          0          0          0          0
  7.09e-05      0.537   7.73e-05   0.000142      0.811       22.9          0       0.48       74.3      0.637       16.5      0.797      0.299    0.00955     0.0005      0.921   0.000441          0     0.0102      0.317      0.146          0          0          0          0
  7.09e-05      0.537   7.42e-05   0.000142      0.642       23.4          0      0.385        130      0.578       16.8       1.45      0.312    0.00926     0.0005      0.964   0.000274          0     0.0127       0.15      0.134          0          0          0          0
  7.09e-05      0.537   7.39e-05   0.000142      0.864       23.2          0      0.538       73.2      0.617       16.7      0.747      0.327    0.00926     0.0005       0.92   0.000512          0     0.0107      0.394      0.163          0          0          0          0
  7.09e-05      0.537   6.77e-05   0.000142      0.986       23.9          0      0.569       99.3      0.516       17.2      0.502      0.281    0.00743     0.0005       0.94   0.000434          0    0.00998      0.296      0.133          0          0          0          0
  7.09e-05      0.537   6.43e-05   0.000142       0.74       24.3          0       0.49       78.2      0.524       17.5      0.885      0.363    0.00729     0.0005      0.936   0.000457          0     0.0112      0.357      0.134          0          0          0          0
  7.09e-05      0.537   6.36e-05   0.000142      0.883       25.1          0      0.482        130      0.669         18       1.65      0.235    0.00977     0.0005      0.949   0.000229          0     0.0103      0.158      0.141          0          0          0          0
  7.09e-05      0.537   6.35e-05   0.000142      0.696         25          0      0.387       79.3       0.64         18      0.779      0.258    0.00926     0.0005      0.939   0.000434          0     0.0114      0.339      0.151          0          0          0          0
  7.09e-05      0.537   6.35e-05   0.000142      0.756       25.1          0      0.427        152       0.83         18       2.01      0.267    0.00824     0.0005       0.98   0.000217          0     0.0104      0.234      0.141          0          0          0          0
  7.09e-05      0.537   6.35e-05   0.000142      0.798       28.1          0      0.485        134      0.669       20.2       1.43      0.315    0.00568     0.0005      0.966   0.000318          0    0.00604      0.132      0.142          0          0          0          0
  7.09e-05      0.537   6.35e-05   0.000142       0.82       24.5          0      0.545       65.3      0.598       17.7      0.821      0.364     0.0087     0.0005      0.933   0.000397          0     0.0112      0.326      0.124          0          0          0          0
  7.09e-05      0.537   6.35e-05   0.000142      0.839       24.7          0      0.468        131      0.583       17.7       1.72      0.257    0.00879     0.0005      0.972   0.000243          0     0.0104      0.151      0.159          0          0          0          0
  7.09e-05      0.537   6.35e-05   0.000142      0.864       26.3          0      0.516        152      0.623       18.9       2.09      0.302    0.00926     0.0005      0.928   0.000248          0     0.0113       0.19      0.141          0          0          0          0
  7.09e-05      0.537   6.35e-05   0.000142      0.903       28.4          0      0.499        195      0.541       20.4       1.07      0.242    0.00438     0.0005      0.946   0.000227          0    0.00861      0.165     0.0907          0          0          0          0
  7.09e-05      0.537   6.35e-05   0.000142       0.89       25.9          0      0.534       81.9      0.518       18.7      0.834      0.308    0.00884     0.0005      0.905    0.00036          0     0.0116      0.214      0.131          0          0          0          0
  7.09e-05      0.537   6.35e-05   0.000142      0.931       26.6          0      0.496        123      0.555       19.2      0.561      0.207    0.00834     0.0005      0.926   0.000453          0     0.0116      0.214       0.16          0          0          0          0
  7.09e-05      0.537   6.35e-05   0.000142      0.969       29.3          0      0.532        125      0.717         21       1.65      0.238    0.00754     0.0005      0.957   0.000222          0     0.0103      0.177      0.139          0          0          0          0
  7.09e-05      0.537   6.35e-05   0.000142       1.02       25.1          0      0.563        127      0.532       18.1      0.592      0.245       0.01     0.0005      0.919    0.00031          0     0.0106      0.222      0.147          0          0          0          0
  7.09e-05      0.537   6.35e-05   0.000142       1.39       26.7          0       0.81         99      0.651       19.2      0.669      0.282    0.00786     0.0005      0.927    0.00045          0    0.00885      0.275      0.122          0          0          0          0
  7.09e-05      0.537   6.35e-05   0.000142      0.884       27.3          0      0.483        169      0.829       19.6        1.1      0.235    0.00844     0.0005      0.956   0.000247          0     0.0131      0.201      0.163          0          0          0          0
  7.09e-05      0.537   5.87e-05   0.000142      0.793       29.1          0      0.422        114      0.622       20.9       1.07      0.213       0.01     0.0005      0.924   0.000256          0     0.0129      0.145      0.159          0          0          0          0
  7.09e-05      0.537    5.8e-05   0.000142      0.848       29.8          0      0.483        130      0.612       21.5      0.817      0.273    0.00703     0.0005      0.952   0.000504          0     0.0111      0.216      0.111          0          0          0          0
