  8.25e-05      0.664    7.1e-05   0.000165       5.62       89.5          0       3.57       35.4       1.12       59.7      0.954      0.189    0.00984     0.0005      0.919    0.00055          0     0.0174      0.708      0.303          0          0          0          0
  8.24e-05      0.663    7.3e-05   0.000165       5.43        108          0       3.55       38.4       1.27       72.3       0.81      0.196    0.00906     0.0005      0.924   0.000517          0      0.016      0.698      0.349          0          0          0          0
  8.22e-05      0.661   7.64e-05   0.000164       1.79       93.1          0       1.35       41.6          1       62.1      0.893      0.244    0.00769     0.0005      0.924   0.000507          0     0.0139      0.625      0.359          0          0          0          0
  8.21e-05       0.66   7.64e-05   0.000164       1.95       91.7          0       1.41       42.9       1.03       61.1      0.896      0.236     0.0078     0.0005      0.924   0.000494          0     0.0134      0.629      0.357          0          0          0          0
  8.21e-05       0.66   7.58e-05   0.000164       2.33       84.3          0       1.64       34.2       1.07       56.2          1       0.23    0.00782     0.0005      0.936   0.000476          0     0.0151      0.598      0.424          0          0          0          0
  8.21e-05       0.66   7.42e-05   0.000164       2.07       87.5          0       1.52       31.6       1.07       58.3       1.04      0.236    0.00782     0.0005      0.925    0.00047          0     0.0145      0.566      0.444          0          0          0          0
  8.19e-05      0.659   7.59e-05   0.000164       1.71       89.6          0       1.29       36.9      0.922       59.7      0.888      0.246    0.00769     0.0005      0.945   0.000478          0     0.0168      0.637      0.305          0          0          0          0
  8.18e-05      0.658   7.66e-05   0.000163       2.01       86.3          0       1.44       32.5       1.18       57.5      0.986      0.236     0.0077     0.0005      0.921    0.00048          0     0.0139      0.567      0.464          0          0          0          0
  8.16e-05      0.657   7.68e-05   0.000163       2.16       93.1          0       1.39       25.5      0.697       62.1       0.79      0.192    0.00855     0.0005      0.923   0.000483          0    0.00994      0.486       0.31          0          0          0          0
  8.15e-05      0.656   7.57e-05   0.000163       2.71         79          0       1.93       45.5       1.08       52.7      0.908      0.216    0.00995     0.0005      0.924   0.000571          0     0.0169      0.568      0.522          0          0          0          0
  8.15e-05      0.656   7.57e-05   0.000163        2.1       93.7          0       1.51       43.3      0.993       62.4      0.911      0.229    0.00765     0.0005      0.924   0.000493          0     0.0144      0.651      0.369          0          0          0          0
  8.15e-05      0.656   7.48e-05   0.000163       2.04       88.8          0       1.48       33.3       1.19       59.2          1      0.236    0.00751     0.0005      0.922    0.00048          0     0.0133      0.575        0.4          0          0          0          0
  8.15e-05      0.656   7.46e-05   0.000163       1.99       86.2          0       1.44       32.5       1.16       57.5      0.979      0.242    0.00764     0.0005       0.92   0.000489          0     0.0137      0.567      0.467          0          0          0          0
  8.15e-05      0.656   7.38e-05   0.000163       3.94       79.8          0       2.63       42.1       1.18       53.2      0.909      0.197    0.00975     0.0005      0.916   0.000551          0     0.0156      0.578      0.469          0          0          0          0
  8.15e-05      0.656   7.07e-05   0.000163       5.37       88.6          0       3.47       40.9       1.09       59.1      0.878      0.189    0.00987     0.0005      0.919    0.00055          0     0.0173      0.731      0.347          0          0          0          0
  8.13e-05      0.654   7.67e-05   0.000163       1.76       97.3          0       1.33       41.4       0.99       64.9      0.857      0.244    0.00732     0.0005      0.924   0.000498          0     0.0134       0.61      0.358          0          0          0          0
  8.13e-05      0.654   7.59e-05   0.000163       2.12        112          0        1.5       24.3       1.03       74.4       0.69       0.22    0.00784     0.0005      0.944   0.000498          0     0.0179      0.629      0.319          0          0          0          0
  8.13e-05      0.654   7.55e-05   0.000163       1.88        104          0       1.41       47.8          1       69.4      0.893      0.244    0.00623     0.0005      0.939   0.000616          0     0.0101      0.719       0.35          0          0          0          0
  8.13e-05      0.654   7.48e-05   0.000163       1.77       93.4          0       1.33       41.9      0.999       62.3        0.9      0.249    0.00761     0.0005      0.924   0.000507          0      0.014      0.605       0.36          0          0          0          0
  8.13e-05      0.654   7.43e-05   0.000163       3.78       79.7          0       2.59       41.6       1.18       53.1      0.908        0.2    0.00984     0.0005      0.918   0.000555          0     0.0156      0.571      0.471          0          0          0          0
  8.13e-05      0.654   7.43e-05   0.000163       2.58       87.3          0       1.86       44.6       1.03       58.2       1.11      0.227     0.0063     0.0005      0.922   0.000494          0     0.0142      0.705      0.349          0          0          0          0
  8.12e-05      0.653   7.58e-05   0.000162       1.68       92.8          0       1.28       41.9       1.03       61.9      0.861      0.249    0.00818     0.0005      0.921   0.000515          0     0.0139      0.606      0.363          0          0          0          0
  8.12e-05      0.653   7.54e-05   0.000162       1.96       91.2          0       1.42       41.6      0.994       60.8      0.893      0.239    0.00792     0.0005      0.924   0.000489          0     0.0143      0.622      0.346          0          0          0          0
  8.12e-05      0.653   7.54e-05   0.000162       1.81       92.3          0       1.32       41.6      0.975       61.5      0.885      0.243    0.00776     0.0005      0.927   0.000503          0     0.0135      0.634      0.347          0          0          0          0
  8.12e-05      0.653   7.49e-05   0.000162       1.65        103          0       1.32       29.8      0.987       68.9      0.863      0.286    0.00957     0.0005      0.926   0.000442          0     0.0143      0.647      0.438          0          0          0          0
  8.12e-05      0.653   7.48e-05   0.000162       2.14       87.4          0       1.55       24.3       1.28       58.3      0.894       0.23       0.01     0.0005      0.926   0.000525          0     0.0145      0.558      0.444          0          0          0          0
  8.11e-05      0.652   7.52e-05   0.000162       1.89       88.5          0       1.39       39.2       1.17         59      0.868       0.24    0.00826     0.0005      0.924   0.000494          0     0.0125      0.629      0.363          0          0          0          0
   8.1e-05      0.652   7.51e-05   0.000162       2.01       85.5          0       1.44       32.5       1.22         57      0.986       0.23    0.00791     0.0005      0.926    0.00048          0     0.0133      0.578      0.444          0          0          0          0
   8.1e-05      0.652   7.51e-05   0.000162       2.38       84.4          0       1.62         36       1.01       56.3          1      0.199     0.0072     0.0005      0.935   0.000489          0     0.0112      0.583      0.533          0          0          0          0
  8.11e-05      0.652   7.44e-05   0.000162       3.99       75.6          0       2.46       41.6       1.18       50.4      0.864       0.17    0.00984     0.0005      0.918   0.000523          0     0.0204      0.668      0.481          0          0          0          0
  8.11e-05      0.652   7.39e-05   0.000162       3.83       79.6          0       2.59       41.6       1.17       53.1      0.912      0.201    0.00956     0.0005      0.919   0.000555          0     0.0156       0.57      0.476          0          0          0          0
  8.11e-05      0.652   7.26e-05   0.000162       5.04       90.8          0       3.32       39.4       1.17       60.5      0.899      0.188    0.00958     0.0005      0.917   0.000561          0     0.0168      0.745      0.376          0          0          0          0
  8.11e-05      0.652   6.95e-05   0.000162       5.33       88.6          0       3.47       38.4       1.14       59.1       0.94       0.19       0.01     0.0005      0.915   0.000523          0     0.0183      0.728      0.376          0          0          0          0
  8.09e-05      0.651   7.48e-05   0.000162       2.17       86.3          0       1.87       22.9       1.21       57.6       1.07      0.301    0.00987     0.0005      0.921   0.000578          0     0.0135       0.58      0.584          0          0          0          0
  8.09e-05      0.651   7.46e-05   0.000162        1.8       98.1          0       1.43       42.6       1.03       65.4        0.9      0.266    0.00839     0.0005      0.924   0.000576          0     0.0118      0.576      0.353          0          0          0          0
  8.09e-05      0.651   7.25e-05   0.000162       3.64       80.5          0       2.66       37.4       1.18       53.7       0.98      0.218    0.00984     0.0005      0.917   0.000549          0     0.0139      0.607      0.476          0          0          0          0
  8.09e-05      0.651   7.11e-05   0.000162       5.46       88.6          0       3.59       38.4       1.13       59.1      0.944      0.189       0.01     0.0005      0.922   0.000543          0     0.0175      0.726      0.378          0          0          0          0
  8.07e-05       0.65   7.54e-05   0.000161       1.81       88.6          0       1.42       32.9       1.19       59.1       1.02      0.253    0.00781     0.0005      0.929   0.000448          0     0.0146      0.614      0.515          0          0          0          0
  8.07e-05       0.65    7.5e-05   0.000161       2.12         90          0       1.44       34.3       1.34         60      0.918      0.201    0.00771     0.0005      0.922   0.000473          0     0.0136      0.565      0.478          0          0          0          0
  8.07e-05       0.65   7.49e-05   0.000161        3.7       79.8          0       2.56       46.5       1.23       53.2      0.962      0.204    0.00918     0.0005      0.923   0.000526          0     0.0158      0.455      0.471          0          0          0          0
  8.07e-05       0.65   7.14e-05   0.000161       4.83       91.9          0       3.48       41.7      0.977       61.3       1.03      0.208    0.00841     0.0005      0.904   0.000583          0     0.0196      0.627      0.408          0          0          0          0
  8.06e-05      0.648   7.54e-05   0.000161       2.01       93.9          0       1.43       39.2       1.13       62.6      0.903      0.229    0.00805     0.0005      0.931   0.000435          0     0.0147      0.577      0.325          0          0          0          0
  8.06e-05      0.648   7.44e-05   0.000161       1.91       95.5          0       1.45       39.5      0.877       63.7      0.893      0.249    0.00828     0.0005      0.906   0.000508          0     0.0144      0.641      0.359          0          0          0          0
  8.06e-05      0.648    7.2e-05   0.000161       3.73       80.9          0       2.62       40.7       1.14       53.9      0.898      0.203       0.01     0.0005      0.915   0.000553          0     0.0154      0.564      0.491          0          0          0          0
  8.06e-05      0.648   7.16e-05   0.000161       5.25       87.5          0       3.43       38.4       1.16       58.3       0.94       0.19     0.0098     0.0005      0.914   0.000507          0     0.0186      0.706      0.387          0          0          0          0
  8.06e-05      0.648   7.11e-05   0.000161       5.43       89.1          0       3.54         39       1.16       59.4      0.936      0.188       0.01     0.0005      0.916   0.000523          0     0.0184      0.756      0.386          0          0          0          0
  8.05e-05      0.647   7.46e-05   0.000161       1.67       95.9          0       1.31       42.3      0.946       63.9      0.883      0.263    0.00769     0.0005      0.919   0.000494          0     0.0131      0.665      0.379          0          0          0          0
  8.05e-05      0.647    7.4e-05   0.000161        2.1       81.1          0       1.49       31.2       1.04       54.1       1.04      0.222    0.00755     0.0005      0.924   0.000465          0     0.0143      0.572      0.443          0          0          0          0
  8.05e-05      0.647   7.24e-05   0.000161        2.6       79.5          0        1.9       45.4       1.08         53      0.896      0.225       0.01     0.0005      0.926   0.000563          0     0.0166      0.587      0.512          0          0          0          0
  8.05e-05      0.647   7.22e-05   0.000161       2.69       78.6          0       1.96       45.5       1.08       52.4      0.953      0.224       0.01     0.0005      0.917   0.000571          0     0.0162      0.533      0.517          0          0          0          0
  8.05e-05      0.647   7.16e-05   0.000161        4.9       95.5          0       3.56       46.3       1.23       63.7      0.942      0.219       0.01     0.0005      0.917   0.000509          0      0.015      0.667      0.386          0          0          0          0
  8.05e-05      0.647   7.14e-05   0.000161       4.54       73.3          0       2.85       40.8       1.17       48.9      0.972      0.181    0.00935     0.0005      0.926   0.000531          0     0.0162       0.57      0.501          0          0          0          0
  8.05e-05      0.647   7.11e-05   0.000161        3.7         79          0       2.56       41.8       1.19       52.6      0.909      0.201     0.0099     0.0005      0.919   0.000557          0     0.0156       0.57      0.472          0          0          0          0
  8.05e-05      0.647   7.07e-05   0.000161       5.28       85.8          0       3.34       38.4       1.15       57.2      0.964      0.191       0.01     0.0005      0.915   0.000534          0     0.0184      0.728       0.39          0          0          0          0
  8.05e-05      0.647   7.03e-05   0.000161       4.73       92.5          0       3.46       47.2       1.23       61.6      0.942      0.224       0.01     0.0005      0.914   0.000522          0     0.0144      0.679      0.386          0          0          0          0
  8.03e-05      0.646   7.63e-05   0.000161       1.79       88.1          0        1.2       33.9       1.24       58.7      0.953        0.2    0.00646     0.0005      0.909    0.00048          0     0.0157      0.592      0.516          0          0          0          0
  8.03e-05      0.646   7.62e-05   0.000161       1.61        103          0       1.34         39       1.12         69      0.913      0.292    0.00769     0.0005      0.902   0.000476          0     0.0128      0.728      0.325          0          0          0          0
  8.03e-05      0.646   7.48e-05   0.000161       1.96       85.2          0       1.38         45      0.975       56.8      0.959      0.208    0.00756     0.0005      0.912   0.000565          0     0.0149      0.662       0.43          0          0          0          0
  8.03e-05      0.646   7.45e-05   0.000161        2.1         86          0        1.5       28.9        1.1       57.4      0.876      0.227    0.00845     0.0005      0.929   0.000526          0     0.0128      0.567      0.452          0          0          0          0
  8.03e-05      0.646   7.44e-05   0.000161       1.87       96.8          0       1.34       42.5       0.87       64.5      0.926      0.237    0.00736     0.0005      0.927   0.000484          0     0.0142       0.64      0.386          0          0          0          0
  8.03e-05      0.646   7.15e-05   0.000161       5.28       88.9          0       3.43       39.7       1.11       59.3      0.899      0.186       0.01     0.0005      0.922   0.000545          0     0.0173      0.745      0.364          0          0          0          0
  8.02e-05      0.645   7.39e-05    0.00016       5.33       88.6          0       3.43       38.9        1.1       59.1      0.922      0.192       0.01     0.0005      0.921    0.00055          0      0.018      0.744      0.355          0          0          0          0
  8.02e-05      0.645   7.33e-05    0.00016       2.09       87.4          0       1.52       31.6       1.07       58.3       1.04      0.236    0.00782     0.0005      0.925    0.00047          0     0.0145      0.567      0.444          0          0          0          0
  8.02e-05      0.645   7.33e-05    0.00016       1.82       92.7          0       1.35       41.8      0.992       61.8      0.899      0.244    0.00767     0.0005      0.925   0.000501          0     0.0137      0.622      0.356          0          0          0          0
  8.02e-05      0.645   7.25e-05    0.00016       1.82       86.1          0        1.3       29.2       1.18       57.4      0.986      0.216    0.00824     0.0005      0.913   0.000445          0      0.012      0.587      0.477          0          0          0          0
  8.02e-05      0.645   7.17e-05    0.00016       5.24       87.1          0       3.41       37.9       1.14       58.1      0.926       0.19    0.00994     0.0005      0.915   0.000517          0     0.0176      0.727      0.377          0          0          0          0
  8.02e-05      0.645    7.1e-05    0.00016       5.18        110          0       3.62       46.3       1.17       73.5      0.959      0.203     0.0074     0.0005      0.911   0.000444          0      0.014      0.626      0.363          0          0          0          0
     8e-05      0.644   7.57e-05    0.00016       1.78       92.3          0       1.35       41.6       1.02       61.5      0.876      0.244    0.00753     0.0005      0.924   0.000497          0     0.0139      0.617      0.351          0          0          0          0
     8e-05      0.644   7.39e-05    0.00016       1.84       90.3          0       1.38       45.1       1.03       60.2      0.908      0.246    0.00699     0.0005      0.918   0.000507          0      0.014       0.64       0.38          0          0          0          0
     8e-05      0.644   7.29e-05    0.00016       1.82       94.8          0       1.38       42.1      0.995       63.2      0.895      0.251     0.0077     0.0005      0.923   0.000495          0     0.0135      0.618      0.374          0          0          0          0
     8e-05      0.644   7.25e-05    0.00016       1.87       93.3          0       1.41       40.5          1       62.2      0.864      0.244    0.00751     0.0005      0.927   0.000488          0     0.0141      0.615      0.382          0          0          0          0
     8e-05      0.644   7.19e-05    0.00016       5.54       98.7          0       3.47       40.1       1.63       65.8       1.18      0.163    0.00901     0.0005      0.895    0.00058          0     0.0184      0.844      0.376          0          0          0          0
     8e-05      0.644   7.17e-05    0.00016       5.12        102          0       3.81       44.5        1.2       68.3      0.912      0.231       0.01     0.0005      0.925   0.000539          0     0.0161      0.734      0.393          0          0          0          0
     8e-05      0.644    7.1e-05    0.00016       4.86        121          0       3.61       30.9       1.44       80.8       1.08      0.232       0.01     0.0005      0.933    0.00049          0     0.0161      0.776      0.429          0          0          0          0
  7.99e-05      0.643   7.39e-05    0.00016       2.19         94          0       1.56       41.1      0.835       62.7      0.893      0.223    0.00663     0.0005      0.946   0.000432          0     0.0149      0.872      0.425          0          0          0          0
  7.99e-05      0.643   7.38e-05    0.00016       2.09         89          0       1.53       31.6       1.07       59.3       1.03      0.232    0.00788     0.0005      0.926   0.000463          0     0.0144      0.563      0.442          0          0          0          0
  7.99e-05      0.643   7.34e-05    0.00016       2.24       96.1          0       1.76       40.1       1.11       64.1      0.936       0.26    0.00767     0.0005      0.909   0.000473          0     0.0141      0.518      0.309          0          0          0          0
  7.97e-05      0.641   7.43e-05   0.000159       1.94       91.8          0       1.41       42.9       1.03       61.2      0.896      0.236     0.0078     0.0005      0.924   0.000494          0     0.0134      0.629      0.357          0          0          0          0
  7.97e-05      0.641   7.38e-05   0.000159       2.31         89          0       1.82       28.2       1.14       59.3       1.04       0.26    0.00851     0.0005       0.93    0.00047          0     0.0139      0.461      0.425          0          0          0          0
  7.97e-05      0.641   7.23e-05   0.000159        1.8       93.1          0       1.37       42.2          1       62.1        0.9      0.249    0.00759     0.0005      0.923    0.00051          0     0.0137      0.625      0.357          0          0          0          0
  7.97e-05      0.641   7.18e-05   0.000159       2.64       75.6          0       1.91       43.7      0.894       50.4       1.07      0.226       0.01     0.0005       0.91   0.000542          0     0.0155      0.493      0.499          0          0          0          0
  7.97e-05      0.641   7.12e-05   0.000159       5.41       89.4          0       3.48       38.9       1.15       59.6      0.926       0.19       0.01     0.0005      0.914    0.00052          0     0.0183       0.72      0.371          0          0          0          0
  7.97e-05      0.641   7.12e-05   0.000159       4.17       78.1          0       2.63       38.1       1.33       52.1      0.886      0.182    0.00945     0.0005      0.907   0.000529          0     0.0167      0.656      0.486          0          0          0          0
  7.97e-05      0.641   7.06e-05   0.000159       5.38       89.3          0       3.43       39.1        1.1       59.6      0.918      0.192       0.01     0.0005       0.92   0.000547          0     0.0179      0.745      0.358          0          0          0          0
  7.96e-05       0.64   7.37e-05   0.000159       1.98       83.7          0       1.41       44.8       1.05       55.8      0.881      0.223    0.00831     0.0005      0.932   0.000449          0     0.0123      0.673      0.284          0          0          0          0
  7.96e-05       0.64   7.37e-05   0.000159       1.97       89.5          0       1.54       32.4      0.959       59.7      0.954      0.259    0.00782     0.0005       0.93   0.000466          0     0.0137      0.543      0.444          0          0          0          0
  7.96e-05       0.64   7.34e-05   0.000159       2.09        110          0       1.64       39.3      0.972       73.7       0.85      0.262    0.00878     0.0005      0.924   0.000458          0     0.0115      0.699      0.421          0          0          0          0
  7.96e-05       0.64   6.93e-05   0.000159        5.4         94          0       3.51       38.3       1.16       62.7       0.93      0.187       0.01     0.0005      0.915   0.000508          0     0.0185      0.746      0.365          0          0          0          0
  7.94e-05      0.639    7.4e-05   0.000159       1.83       95.7          0       1.44       33.4       1.34       63.9      0.823      0.261    0.00944     0.0005      0.922   0.000438          0     0.0139      0.556      0.422          0          0          0          0
  7.94e-05      0.639   7.28e-05   0.000159       3.81       79.5          0       2.61       41.4       1.18         53      0.908      0.198    0.00988     0.0005      0.918    0.00056          0     0.0155      0.576      0.473          0          0          0          0
  7.93e-05      0.638   7.35e-05   0.000159       5.21       89.2          0       3.39       37.9       1.09       59.5      0.888      0.189    0.00965     0.0005      0.921   0.000524          0     0.0168       0.76      0.368          0          0          0          0
  7.93e-05      0.638   7.22e-05   0.000159       3.85       94.5          0       2.54       40.1       1.18         63      0.881      0.198    0.00924     0.0005       0.94   0.000537          0     0.0138      0.565      0.488          0          0          0          0
  7.93e-05      0.638   7.06e-05   0.000159       3.73       82.4          0       2.69       40.9       1.15         55       0.89      0.209       0.01     0.0005      0.915   0.000561          0     0.0156      0.587      0.497          0          0          0          0
  7.91e-05      0.637   7.38e-05   0.000158       1.83         91          0       1.38       44.1      0.996       60.6      0.895      0.249    0.00769     0.0005      0.922   0.000518          0     0.0154      0.612      0.374          0          0          0          0
  7.91e-05      0.637   7.38e-05   0.000158        1.8       93.4          0       1.38       43.5      0.988       62.3      0.855      0.244    0.00752     0.0005      0.926   0.000507          0     0.0139      0.627      0.362          0          0          0          0
  7.91e-05      0.637    7.1e-05   0.000158        5.3       88.6          0       3.42       38.1       1.14       59.1      0.929      0.188       0.01     0.0005      0.915   0.000535          0     0.0183      0.745      0.377          0          0          0          0
  7.88e-05      0.634   6.92e-05   0.000158       4.83       95.2          0       3.54       41.2       1.18       63.5      0.905      0.217       0.01     0.0005      0.916    0.00051          0     0.0174      0.699      0.421          0          0          0          0
  7.87e-05      0.633   7.22e-05   0.000157       2.13       93.1          0       1.53       31.2       1.12       62.1       1.01      0.229    0.00836     0.0005      0.921   0.000432          0      0.015      0.534      0.456          0          0          0          0
  7.87e-05      0.633   7.12e-05   0.000157       4.86       96.4          0       3.54       44.1       1.18       64.3      0.936      0.226       0.01     0.0005      0.917     0.0005          0     0.0169      0.745      0.386          0          0          0          0
  7.85e-05      0.632   7.25e-05   0.000157       1.99       94.1          0       1.56       36.2          1       62.8      0.901      0.258    0.00856     0.0005       0.92   0.000443          0     0.0139      0.858      0.359          0          0          0          0
  7.84e-05      0.631   7.15e-05   0.000157       5.03       90.8          0       3.21       33.3       1.12       60.5      0.958       0.19       0.01     0.0005      0.921   0.000598          0     0.0162      0.782      0.385          0          0          0          0
  7.84e-05      0.631   7.06e-05   0.000157        5.8        101          0       3.84       33.9        1.2       67.5      0.926      0.193    0.00988     0.0005      0.938   0.000682          0     0.0141      0.605       0.28          0          0          0          0
  7.83e-05       0.63    7.2e-05   0.000157       4.35       78.9          0       2.83       47.3       1.24       52.6      0.975      0.188    0.00983     0.0005      0.911   0.000564          0     0.0163      0.564      0.456          0          0          0          0
  7.83e-05       0.63   7.16e-05   0.000157       1.87       91.2          0       1.35       47.8      0.961       60.8       1.04      0.217     0.0075     0.0005      0.928   0.000565          0     0.0129      0.625      0.384          0          0          0          0
  7.83e-05       0.63   7.16e-05   0.000157        1.9       98.7          0       1.37       42.1      0.978       65.8       0.99      0.234    0.00776     0.0005      0.927    0.00051          0     0.0148      0.626       0.37          0          0          0          0
  7.83e-05       0.63   7.04e-05   0.000157       1.72        100          0       1.47         33       1.14       66.8      0.986      0.301    0.00659     0.0005      0.909   0.000428          0     0.0146      0.603      0.436          0          0          0          0
  7.81e-05      0.628   7.24e-05   0.000156       1.79       80.8          0       1.28       48.8      0.982       53.9      0.852      0.217    0.00787     0.0005      0.924   0.000507          0      0.012      0.655      0.328          0          0          0          0
  7.81e-05      0.628   7.05e-05   0.000156          5       92.5          0       3.06       38.9       1.19       61.7      0.776      0.155       0.01     0.0005      0.918   0.000569          0     0.0205      0.744      0.287          0          0          0          0
  7.81e-05      0.628   7.04e-05   0.000156       2.05       92.3          0       1.45       33.6       1.16       61.6       1.07      0.209    0.00782     0.0005      0.934   0.000479          0     0.0152      0.539      0.466          0          0          0          0
   7.8e-05      0.627   7.15e-05   0.000156       5.03       88.6          0        3.4       39.5       1.11       59.1      0.923      0.195       0.01     0.0005      0.922   0.000551          0     0.0181      0.758      0.355          0          0          0          0
   7.8e-05      0.627   7.12e-05   0.000156       1.67       97.2          0        1.2       31.1          1       64.8       0.83      0.233    0.00652     0.0005      0.925   0.000538          0     0.0166      0.739      0.375          0          0          0          0
   7.8e-05      0.627   7.06e-05   0.000156       2.22        119          0       1.62       42.6       1.42       79.2      0.896      0.232    0.00996     0.0005      0.911   0.000584          0     0.0116      0.556      0.338          0          0          0          0
   7.8e-05      0.627   7.02e-05   0.000156       2.04       86.9          0       1.61       37.1       1.04       57.9      0.977      0.271     0.0069     0.0005      0.929    0.00051          0     0.0145      0.525      0.444          0          0          0          0
   7.8e-05      0.627   6.95e-05   0.000156       1.95        104          0       1.38       30.4       1.19       69.1      0.986      0.211     0.0077     0.0005      0.902   0.000485          0     0.0112      0.678      0.462          0          0          0          0
  7.78e-05      0.626   7.05e-05   0.000156       5.05       88.9          0       3.43       43.8       1.18       59.3        0.9      0.198    0.00796     0.0005       0.93   0.000512          0     0.0161      0.745      0.308          0          0          0          0
  7.77e-05      0.625   6.93e-05   0.000155        5.3       88.1          0       3.38       38.4       1.29       58.8      0.934       0.19       0.01     0.0005      0.919   0.000539          0     0.0198      0.678      0.376          0          0          0          0
  7.75e-05      0.624   7.07e-05   0.000155       3.43       74.5          0       2.43         43       1.12       49.7      0.908      0.208    0.00984     0.0005      0.918    0.00053          0      0.016      0.523      0.483          0          0          0          0
  7.75e-05      0.624   6.92e-05   0.000155       4.84       92.7          0       3.48       51.8       1.23       61.8      0.997      0.209       0.01     0.0005      0.911   0.000435          0     0.0133      0.632      0.447          0          0          0          0
  7.74e-05      0.623   7.09e-05   0.000155       3.81       79.6          0       2.63       41.6       1.16       53.1      0.916        0.2    0.00975     0.0005      0.918   0.000553          0     0.0154      0.569      0.471          0          0          0          0
  7.74e-05      0.623   7.07e-05   0.000155       1.42        111          0      0.996       38.1      0.749       74.1      0.894      0.206    0.00859     0.0005      0.924   0.000503          0     0.0135      0.835      0.359          0          0          0          0
  7.74e-05      0.623   6.96e-05   0.000155       4.71       96.3          0       3.44       45.5       1.23       64.2      0.942      0.218       0.01     0.0005      0.917   0.000515          0     0.0145      0.659        0.4          0          0          0          0
  7.74e-05      0.623   6.95e-05   0.000155       1.88        104          0       1.22       30.7        1.2       69.2      0.981      0.195    0.00728     0.0005      0.921   0.000456          0     0.0134      0.601      0.398          0          0          0          0
  7.72e-05      0.621   7.13e-05   0.000154       2.13        102          0       1.56       42.8      0.959       67.8       1.03      0.237    0.00794     0.0005      0.917   0.000474          0     0.0139      0.697      0.375          0          0          0          0
  7.72e-05      0.621    7.1e-05   0.000154       2.59       89.3          0        1.9       53.2      0.955       59.6       1.03      0.237       0.01     0.0005      0.936   0.000466          0     0.0169      0.585        0.5          0          0          0          0
  7.72e-05      0.621   7.09e-05   0.000154       1.98        120          0       1.45       46.5          1       80.3      0.922      0.239    0.00836     0.0005      0.932   0.000507          0     0.0122      0.709      0.217          0          0          0          0
  7.72e-05      0.621   7.06e-05   0.000154       2.73       85.4          0       1.93       40.4       1.05       56.9       1.14      0.209       0.01     0.0005      0.909   0.000603          0     0.0165        0.5      0.625          0          0          0          0
  7.72e-05      0.621   6.97e-05   0.000154       4.85       90.9          0        3.4       38.6       1.07       60.6      0.948      0.201    0.00964     0.0005      0.925   0.000567          0     0.0183      0.741      0.358          0          0          0          0
  7.72e-05      0.621    6.9e-05   0.000154       1.47       99.6          0       1.38       41.6       1.09       66.4       1.05      0.355    0.00677     0.0005       0.92   0.000448          0     0.0188      0.532      0.295          0          0          0          0
  7.71e-05       0.62    7.1e-05   0.000154       1.72       82.9          0       1.34         45        1.2       55.3      0.893      0.257    0.00855     0.0005      0.918   0.000455          0     0.0125      0.705      0.331          0          0          0          0
  7.71e-05       0.62   7.03e-05   0.000154       2.41       96.9          0        1.7       46.8          1       64.6        1.1      0.209    0.00761     0.0005      0.907   0.000404          0     0.0102      0.683      0.359          0          0          0          0
  7.71e-05       0.62   7.02e-05   0.000154       5.44         95          0       3.43       36.4       1.17       63.4      0.899      0.182    0.00958     0.0005      0.926   0.000535          0      0.019      0.758       0.37          0          0          0          0
  7.71e-05       0.62   6.93e-05   0.000154       4.23       82.6          0       2.93       41.4       1.09       55.1      0.921      0.203    0.00861     0.0005      0.918   0.000506          0     0.0148      0.704      0.502          0          0          0          0
  7.71e-05       0.62   6.92e-05   0.000154        4.9       95.7          0       3.54       46.3       1.23       63.8      0.936      0.221       0.01     0.0005      0.916   0.000509          0      0.015      0.665      0.381          0          0          0          0
  7.69e-05      0.619   7.12e-05   0.000154       3.84       78.2          0       2.47       41.8       1.17       52.1      0.945      0.193    0.00984     0.0005      0.911   0.000545          0     0.0155      0.549      0.465          0          0          0          0
  7.69e-05      0.619   7.06e-05   0.000154       5.68        104          0       4.05       33.6       1.12       69.3        1.1      0.221       0.01     0.0005      0.922   0.000643          0     0.0216      0.592      0.237          0          0          0          0
  7.69e-05      0.619   6.98e-05   0.000154       1.38       94.9          0      0.942       35.5       1.31       63.3      0.909      0.203       0.01     0.0005      0.905   0.000307          0     0.0168      0.637      0.524          0          0          0          0
  7.68e-05      0.618   7.08e-05   0.000153       2.03       91.2          0       1.45       23.4       1.05       60.8       1.04      0.225    0.00923     0.0005      0.928   0.000382          0     0.0143      0.579      0.548          0          0          0          0
  7.68e-05      0.618   7.07e-05   0.000153       1.55       97.7          0       1.23       40.6       1.02       65.2      0.825      0.272    0.00769     0.0005      0.922   0.000525          0     0.0136      0.678      0.342          0          0          0          0
  7.68e-05      0.618   6.99e-05   0.000153       6.33       99.6          0       4.24       34.7       1.36       66.4      0.961      0.198       0.01     0.0005      0.923   0.000417          0     0.0154        0.9      0.387          0          0          0          0
  7.65e-05      0.615   7.09e-05   0.000153       1.82        102          0       1.39       45.6       1.16       67.7       1.04      0.244    0.00816     0.0005      0.923   0.000499          0     0.0138      0.604      0.385          0          0          0          0
  7.65e-05      0.615   7.06e-05   0.000153       4.22       78.5          0       2.68         34       1.48       52.3       1.13      0.182       0.01     0.0005      0.913   0.000494          0     0.0187      0.504      0.429          0          0          0          0
  7.65e-05      0.615   6.97e-05   0.000153       2.13         85          0       1.63       28.9      0.992       56.7      0.894      0.249    0.00715     0.0005      0.935    0.00042          0     0.0147      0.434      0.439          0          0          0          0
  7.65e-05      0.615    6.9e-05   0.000153        5.2        101          0       3.79       43.5       1.13       67.1      0.925      0.236       0.01     0.0005      0.925   0.000547          0     0.0169      0.748      0.367          0          0          0          0
  7.65e-05      0.615   6.78e-05   0.000153       5.22       96.4          0       4.07       42.6       1.29       64.3      0.996       0.26       0.01     0.0005      0.917   0.000467          0     0.0178      0.741      0.386          0          0          0          0
  7.63e-05      0.614   7.11e-05   0.000153       1.85        121          0       1.43       39.9      0.914       80.5      0.888      0.256    0.00878     0.0005      0.938   0.000527          0     0.0146      0.625      0.378          0          0          0          0
  7.63e-05      0.614   6.79e-05   0.000153       4.77       83.8          0       3.34         47       1.26       55.9      0.908      0.213       0.01     0.0005      0.917   0.000519          0      0.015      0.765      0.386          0          0          0          0
  7.61e-05      0.612   7.11e-05   0.000152       1.83        104          0        1.4       31.7       1.09         69        1.1       0.25    0.00699     0.0005      0.921   0.000408          0     0.0134      0.583       0.38          0          0          0          0
  7.61e-05      0.612   7.05e-05   0.000152       6.26       83.6          0       3.84       36.6       1.12       55.7       0.89      0.174    0.00889     0.0005      0.922   0.000385          0     0.0158      0.666      0.365          0          0          0          0
  7.61e-05      0.612   6.94e-05   0.000152       1.71        124          0       1.03       37.7       1.03       82.4      0.803      0.156     0.0071     0.0005      0.912   0.000542          0     0.0119      0.682      0.403          0          0          0          0
  7.61e-05      0.612   6.84e-05   0.000152       1.65         94          0        1.3       41.9      0.977       62.7      0.839      0.265    0.00715     0.0005      0.924   0.000487          0     0.0145      0.611      0.386          0          0          0          0
  7.59e-05      0.611    6.9e-05   0.000152       1.46       71.1          0       1.25       38.5       1.06       47.4       1.08      0.301    0.00822     0.0005      0.924    0.00043          0     0.0174      0.694      0.482          0          0          0          0
  7.57e-05       0.61   7.01e-05   0.000151       5.79       78.3          0       3.79       37.6       1.14       52.2       0.94      0.195       0.01     0.0005       0.92   0.000523          0      0.022      0.631      0.341          0          0          0          0
  7.57e-05       0.61   6.93e-05   0.000151       4.17       93.9          0       2.89         44       1.14       62.6       0.99      0.203    0.00876     0.0005       0.93   0.000451          0     0.0157      0.569      0.484          0          0          0          0
  7.57e-05       0.61   6.93e-05   0.000151       4.85       95.5          0       3.55       44.2       1.19       63.7      0.936      0.228       0.01     0.0005      0.916   0.000499          0     0.0168      0.745      0.386          0          0          0          0
  7.56e-05      0.608   7.04e-05   0.000151        3.6       96.5          0       2.78       46.7       1.32       64.4       1.03      0.252       0.01     0.0005      0.913   0.000633          0     0.0135       0.66      0.568          0          0          0          0
  7.55e-05      0.607   7.08e-05   0.000151       5.34        108          0       3.43       48.3       1.51       72.1      0.949       0.18       0.01     0.0005      0.919   0.000659          0     0.0179      0.677      0.279          0          0          0          0
  7.53e-05      0.606   7.03e-05   0.000151       4.79        110          0       3.46       41.1       1.03       73.3      0.944      0.214    0.00975     0.0005       0.92   0.000531          0      0.019        0.8       0.33          0          0          0          0
  7.53e-05      0.606   6.97e-05   0.000151       1.76       80.5          0       1.28       38.7       1.12       53.7      0.842      0.238    0.00769     0.0005      0.941   0.000485          0     0.0126      0.738      0.359          0          0          0          0
  7.52e-05      0.605   6.92e-05    0.00015       4.69       91.5          0       3.27       41.1       1.13         61      0.807      0.202    0.00951     0.0005      0.925   0.000547          0     0.0181      0.715       0.33          0          0          0          0
  7.49e-05      0.602   7.09e-05    0.00015       5.17       88.6          0       3.17       38.4       1.19       59.1       0.94       0.19       0.01     0.0005      0.915   0.000448          0      0.019      0.858      0.394          0          0          0          0
  7.49e-05      0.602   7.08e-05    0.00015       1.74        129          0       1.38       46.6       1.36       86.2      0.893      0.259    0.00808     0.0005      0.926   0.000541          0     0.0121      0.625      0.378          0          0          0          0
  7.47e-05      0.601   7.05e-05   0.000149        5.2       96.4          0       3.54       37.4          1       64.3          1        0.2       0.01     0.0005      0.937     0.0005          0     0.0138      0.678       0.36          0          0          0          0
  7.47e-05      0.601   6.91e-05   0.000149       4.96         85          0       3.47       37.1       1.08       56.7      0.884      0.213    0.00993     0.0005       0.92   0.000543          0     0.0194      0.779      0.401          0          0          0          0
  7.46e-05        0.6      7e-05   0.000149        2.7       94.5          0       1.93       47.1       1.29         63      0.693      0.231    0.00995     0.0005      0.924   0.000502          0     0.0134      0.651       0.64          0          0          0          0
   7.4e-05      0.595   6.92e-05   0.000148       4.58         82          0       3.32       40.8       1.08       54.7      0.872      0.221       0.01     0.0005      0.934   0.000854          0     0.0196      0.623      0.449          0          0          0          0
  7.37e-05      0.593   7.04e-05   0.000147       1.82         66          0       1.44       32.1       1.18         44        1.1       0.26    0.00777     0.0005      0.911   0.000543          0     0.0133       0.58      0.395          0          0          0          0
  7.35e-05      0.592   6.74e-05   0.000147       1.34        112          0       1.08       50.5       1.02       74.8      0.729      0.289    0.00795     0.0005       0.93   0.000632          0     0.0126      0.609      0.396          0          0          0          0
  7.33e-05      0.589   7.01e-05   0.000147       4.86        110          0       3.46       29.5       1.07       73.6      0.921      0.206       0.01     0.0005      0.921   0.000467          0      0.019        0.8      0.397          0          0          0          0
   7.3e-05      0.587   6.91e-05   0.000146       4.59        116          0       3.42       41.4       1.31       77.2       0.92      0.233    0.00982     0.0005      0.917   0.000423          0     0.0128      0.665      0.431          0          0          0          0
  7.24e-05      0.582   7.07e-05   0.000145       5.06       98.5          0       3.29       39.4       1.05       65.7      0.986      0.189    0.00963     0.0005      0.919   0.000508          0     0.0191      0.736      0.328          0          0          0          0
  7.22e-05      0.581   6.91e-05   0.000144       5.68       93.5          0       4.01       51.6      0.874       62.4      0.885      0.209    0.00836     0.0005      0.923   0.000553          0     0.0165      0.537       0.34          0          0          0          0
  7.19e-05      0.579   6.77e-05   0.000144       6.03        109          0       4.46       37.9       1.33       72.4      0.816      0.222       0.01     0.0005      0.906   0.000422          0     0.0141      0.707      0.355          0          0          0          0
  7.16e-05      0.576    6.8e-05   0.000143       2.24       85.4          0       1.57       41.9      0.923         57      0.768      0.205    0.00769     0.0005      0.931   0.000545          0     0.0117      0.627      0.319          0          0          0          0
  6.97e-05      0.561   7.05e-05   0.000139       6.08        141          0       4.73       38.6       1.09       94.3      0.941      0.252       0.01     0.0005      0.894   0.000485          0     0.0158      0.695      0.378          0          0          0          0
  6.97e-05      0.561   6.91e-05   0.000139       2.17         79          0       1.55       47.2      0.972       52.7      0.788      0.222    0.00937     0.0005      0.931   0.000502          0     0.0187      0.583      0.473          0          0          0          0
  6.96e-05       0.56   6.92e-05   0.000139       4.79       73.1          0        3.5       46.9       1.21       48.8      0.918      0.219       0.01     0.0005      0.909    0.00043          0     0.0146       0.48      0.392          0          0          0          0
  6.93e-05      0.557   7.07e-05   0.000139       4.25       67.5          0       2.59       45.3       1.18       45.1       0.82       0.16       0.01     0.0005      0.885   0.000492          0      0.017      0.418      0.508          0          0          0          0
   6.9e-05      0.555   6.49e-05   0.000138       1.32       80.6          0       1.05       45.2       1.18       53.7       1.13      0.288    0.00446     0.0005      0.946   0.000507          0     0.0119      0.724      0.369          0          0          0          0
  6.77e-05      0.544   6.89e-05   0.000135        1.9       61.9          0       1.52       32.7       1.09       41.3       1.03      0.288     0.0096     0.0005      0.946    0.00047          0     0.0144      0.566      0.444          0          0          0          0
  6.46e-05      0.519   6.89e-05   0.000129       3.51       74.8          0       2.56       45.7       1.12       49.9      0.936      0.229    0.00778     0.0005      0.926   0.000581          0     0.0208      0.468      0.522          0          0          0          0
  6.41e-05      0.516   6.53e-05   0.000128       1.58       93.1          0       1.41       41.6          1       62.1      0.923      0.315    0.00634     0.0005      0.917   0.000515          0     0.0125      0.736      0.362          0          0          0          0
  6.37e-05      0.512    6.9e-05   0.000127       2.25       78.6          0       1.72       30.1       1.21       52.4      0.813      0.248    0.00878     0.0005      0.914   0.000466          0     0.0111      0.463      0.505          0          0          0          0
   6.3e-05      0.506   6.91e-05   0.000126       6.36       88.6          0       3.91       42.1       1.06       59.1      0.759      0.179       0.01     0.0005      0.926   0.000526          0     0.0186      0.893      0.272          0          0          0          0
  6.18e-05      0.497   6.92e-05   0.000123       2.99       79.9          0       2.14       34.7       1.12       53.3      0.767      0.223    0.00988     0.0005      0.924   0.000488          0     0.0143      0.671      0.459          0          0          0          0
  6.12e-05      0.492   6.63e-05   0.000122       1.71       78.7          0       1.35       31.8       1.06       52.5      0.893      0.281    0.00708     0.0005      0.911   0.000533          0     0.0135       0.64      0.381          0          0          0          0
  5.84e-05       0.47   6.65e-05   0.000117       1.71       69.8          0       1.35         34      0.865       46.6      0.902      0.276    0.00786     0.0005      0.924   0.000465          0     0.0182      0.615       0.26          0          0          0          0
   5.8e-05      0.466   7.04e-05   0.000116       3.61       72.5          0       2.31       39.6       1.07       48.4      0.715      0.183       0.01     0.0005      0.915   0.000508          0     0.0123      0.704      0.529          0          0          0          0
  5.78e-05      0.465   6.28e-05   0.000116       1.15         77          0       1.07       51.9      0.957       51.4        0.9      0.332    0.00727     0.0005       0.92   0.000475          0     0.0138      0.747      0.373          0          0          0          0
  5.77e-05      0.464   6.92e-05   0.000115       5.02       80.2          0       3.43       43.3       1.16       53.5      0.814      0.202       0.01     0.0005      0.913   0.000488          0     0.0149      0.729      0.334          0          0          0          0
  5.75e-05      0.463   6.93e-05   0.000115       5.84       77.7          0       3.77       34.5       1.23       51.8      0.845      0.188      0.008     0.0005      0.916   0.000499          0     0.0148      0.433      0.318          0          0          0          0
  5.75e-05      0.463   6.77e-05   0.000115       2.32       75.4          0       1.65       28.8      0.884       50.3      0.688      0.211    0.00896     0.0005      0.938   0.000321          0     0.0185      0.672      0.488          0          0          0          0
  5.75e-05      0.463   6.73e-05   0.000115       2.84       70.1          0       2.28       27.7      0.997       46.7      0.855      0.265       0.01     0.0005      0.891   0.000572          0     0.0145      0.557      0.484          0          0          0          0
  5.75e-05      0.463   6.66e-05   0.000115       3.97       88.3          0       2.67       51.7      0.867       58.9      0.611      0.199    0.00753     0.0005      0.942   0.000513          0     0.0151      0.722      0.457          0          0          0          0
  5.75e-05      0.463   6.64e-05   0.000115       2.26       60.4          0       1.75       41.6       1.33       40.3      0.736      0.251    0.00984     0.0005      0.954   0.000425          0     0.0216      0.773      0.539          0          0          0          0
  5.75e-05      0.463   6.63e-05   0.000115       2.29       65.1          0       1.93       45.5       1.05       43.4      0.947      0.299    0.00995     0.0005      0.936    0.00078          0     0.0189      0.568      0.618          0          0          0          0
  5.75e-05      0.463   6.54e-05   0.000115       4.27       66.3          0        2.9       34.9       0.97       44.3      0.655      0.202    0.00922     0.0005      0.886   0.000594          0     0.0253      0.735      0.397          0          0          0          0
  5.75e-05      0.463    6.4e-05   0.000115       1.64         95          0        1.3       41.6      0.998       63.4      0.612      0.272    0.00889     0.0005       0.93   0.000646          0      0.012      0.663       0.38          0          0          0          0
  5.75e-05      0.463    6.4e-05   0.000115        1.5         62          0       1.19       42.6       1.13       41.3      0.792      0.272     0.0078     0.0005      0.946   0.000392          0     0.0133      0.488      0.323          0          0          0          0
  5.75e-05      0.463   6.39e-05   0.000115       1.87       77.7          0       1.35       41.5          1       51.9      0.688      0.242    0.00629     0.0005      0.924   0.000511          0     0.0128      0.563      0.429          0          0          0          0
  5.75e-05      0.463   6.38e-05   0.000115       1.69         78          0       1.34       31.6       1.35         52      0.776      0.283    0.00606     0.0005      0.927   0.000373          0     0.0119      0.349      0.557          0          0          0          0
