  5.51e-05      0.565    0.00273    0.00011       6.35        110          0       4.85       29.1       1.11       79.7       1.07      0.294    0.00885     0.0005      0.927   0.000433          0     0.0203      0.711      0.376          0          0          0          0
  5.75e-05      0.589    0.00199   0.000115       5.35        119          0       4.61       24.6      0.991       75.6       1.56      0.332    0.00889     0.0005       0.92   0.000433          0     0.0197       0.67      0.339          0          0          0          0
  5.35e-05      0.548   0.000277   0.000107       5.01        106          0       4.65       24.4       1.01       76.2       1.55      0.332    0.00883     0.0005      0.921   0.000428          0     0.0198      0.672      0.342          0          0          0          0
  5.28e-05      0.541   5.51e-05   0.000106       6.24        107          0       5.37         28       1.18         77       2.16      0.266    0.00903     0.0005      0.921   0.000537          0     0.0194      0.607      0.307          0          0          0          0
  5.27e-05       0.54   6.15e-05   0.000105       6.34       83.2          0       5.47       26.7       1.01         60       1.48      0.298     0.0085     0.0005      0.925   0.000399          0     0.0178      0.647      0.332          0          0          0          0
  5.27e-05       0.54   6.05e-05   0.000105       5.28        105          0       5.24       21.4       1.02       75.5        1.6      0.347       0.01     0.0005      0.911   0.000456          0     0.0189       0.64      0.355          0          0          0          0
  5.27e-05       0.54   6.05e-05   0.000105       4.92       89.2          0       3.57       36.9      0.993       64.3      0.982      0.205       0.01     0.0005      0.934   0.000485          0     0.0138      0.672      0.354          0          0          0          0
  5.27e-05       0.54   6.02e-05   0.000105       5.37       95.9          0       4.28       31.8      0.918       69.1       1.34       0.29    0.00893     0.0005      0.952   0.000571          0     0.0165      0.658      0.329          0          0          0          0
  5.27e-05       0.54   5.95e-05   0.000105       6.04       85.5          0       3.83       35.4       1.22       61.5       1.59      0.185    0.00894     0.0005      0.938    0.00078          0      0.013       0.64      0.519          0          0          0          0
  5.27e-05       0.54   5.94e-05   0.000105       4.85        106          0       4.62       24.6       0.99         76       1.53      0.334    0.00915     0.0005      0.919   0.000443          0     0.0195      0.676      0.338          0          0          0          0
  5.27e-05       0.54   5.94e-05   0.000105       4.43        105          0       4.33       24.6      0.985       75.6       1.42      0.371    0.00835     0.0005      0.923   0.000433          0     0.0178      0.606      0.334          0          0          0          0
  5.27e-05       0.54   5.86e-05   0.000105       5.45        102          0       5.02         20      0.917       73.7       1.56      0.352    0.00716     0.0005       0.94   0.000467          0     0.0205      0.663      0.223          0          0          0          0
  5.27e-05       0.54   5.85e-05   0.000105       4.76        101          0       4.61         22       1.07       72.8       1.77      0.332    0.00714     0.0005       0.92   0.000567          0      0.027      0.842      0.274          0          0          0          0
  5.27e-05       0.54   5.82e-05   0.000105       4.97        105          0       4.81         21       1.19       75.6       1.42      0.332       0.01     0.0005      0.934   0.000502          0     0.0175      0.552      0.391          0          0          0          0
  5.27e-05       0.54   5.82e-05   0.000105       6.84       97.4          0        5.1       26.2      0.918       70.2       1.41      0.292    0.00857     0.0005      0.909   0.000447          0     0.0201       0.67      0.338          0          0          0          0
  5.27e-05       0.54   5.77e-05   0.000105        6.2       93.2          0       5.12       26.2       1.08         67       1.65      0.337    0.00905     0.0005       0.92   0.000375          0     0.0191      0.557      0.325          0          0          0          0
  5.27e-05       0.54   5.77e-05   0.000105       5.25        105          0       3.69       23.7       1.12       75.6       1.78      0.306    0.00889     0.0005       0.93   0.000445          0     0.0223      0.695      0.365          0          0          0          0
  5.27e-05       0.54   5.77e-05   0.000105       4.55       98.9          0       4.47       28.5      0.931       71.2       1.53      0.344    0.00823     0.0005      0.917   0.000461          0     0.0179      0.627      0.359          0          0          0          0
  5.27e-05       0.54   5.77e-05   0.000105       4.24         98          0       3.87       20.5       1.04       69.9       1.47      0.311    0.00943     0.0005      0.944    0.00045          0     0.0151      0.717      0.275          0          0          0          0
  5.27e-05       0.54   5.76e-05   0.000105        5.7       97.1          0       5.35       25.1       1.05       69.9       1.76       0.31    0.00889     0.0005       0.92   0.000411          0     0.0207       0.63      0.372          0          0          0          0
  5.27e-05       0.54   5.76e-05   0.000105        5.3       98.2          0       4.72       25.6          1       70.8       1.49      0.332     0.0091     0.0005      0.918   0.000407          0     0.0211      0.647      0.321          0          0          0          0
  5.27e-05       0.54   5.76e-05   0.000105       5.27       95.9          0       4.48       23.7      0.947       69.1       1.56      0.317    0.00858     0.0005      0.918   0.000415          0     0.0194      0.614      0.339          0          0          0          0
  5.27e-05       0.54   5.76e-05   0.000105       4.83        111          0       4.61       26.5      0.998       79.8       1.61      0.328    0.00884     0.0005      0.925   0.000421          0     0.0194      0.708      0.367          0          0          0          0
  5.27e-05       0.54   5.76e-05   0.000105       4.83       86.5          0       4.12       29.8      0.918       62.3       1.28       0.27       0.01     0.0005      0.933   0.000544          0     0.0169      0.734      0.301          0          0          0          0
  5.27e-05       0.54   5.76e-05   0.000105       4.68        107          0       4.65       24.1       1.01       77.4       1.54      0.332    0.00893     0.0005      0.924   0.000451          0     0.0194      0.674       0.33          0          0          0          0
  5.26e-05      0.541   4.68e-05   0.000105       7.91        148          0       5.21       20.2       1.06       78.4       1.53      0.332       0.01     0.0005      0.919   0.000347          0     0.0208      0.729      0.319          0          0          0          0
  5.27e-05       0.54   5.68e-05   0.000106        4.1       93.9          0       4.36       35.2       1.18       67.5       2.29      0.363       0.01     0.0005      0.889   0.000403          0     0.0235      0.739      0.343          0          0          0          0
  5.27e-05       0.54   5.68e-05   0.000105        7.4       89.5          0       4.64       29.8       1.03       64.3       1.44      0.148    0.00997     0.0005      0.944   0.000581          0     0.0162      0.879      0.262          0          0          0          0
  5.27e-05       0.54   5.68e-05   0.000105       6.03        104          0       4.63       25.9      0.792       74.6       1.21      0.284    0.00891     0.0005      0.903   0.000363          0      0.021      0.615      0.362          0          0          0          0
  5.27e-05       0.54   5.67e-05   0.000105       6.57        105          0       5.07       24.6      0.929       75.6       1.56      0.231    0.00733     0.0005      0.921   0.000455          0     0.0175       0.67      0.352          0          0          0          0
  5.27e-05       0.54   5.67e-05   0.000105       5.43       97.1          0       4.69       24.7       1.31       69.9       1.69       0.29       0.01     0.0005       0.92   0.000439          0     0.0236      0.667      0.291          0          0          0          0
  5.27e-05       0.54   5.67e-05   0.000105       3.85        115          0       3.94       23.8      0.981       82.8       1.56      0.374    0.00889     0.0005      0.907   0.000336          0      0.024       0.65      0.325          0          0          0          0
  5.27e-05       0.54   5.59e-05   0.000105       3.72        110          0       3.18       24.6       1.19       79.4        1.7      0.284       0.01     0.0005      0.923   0.000404          0      0.018      0.663      0.333          0          0          0          0
  5.27e-05       0.54   5.59e-05   0.000106       4.67       91.3          0       4.46       32.1       1.01       65.9       1.28      0.316    0.00741     0.0005      0.928   0.000396          0     0.0173      0.772      0.427          0          0          0          0
  5.27e-05       0.54   5.58e-05   0.000105       5.61        105          0       4.61       28.6       1.07       75.8        1.9      0.249    0.00832     0.0005      0.917   0.000536          0     0.0199      0.622      0.311          0          0          0          0
  5.27e-05       0.54   5.51e-05   0.000105       6.93       86.4          0       5.43       23.7      0.727       62.3        1.2      0.235    0.00742     0.0005      0.918   0.000701          0      0.014      0.782      0.332          0          0          0          0
  5.27e-05       0.54   5.51e-05   0.000105       6.52       97.4          0        5.5       23.9       1.03       70.2       1.32      0.362    0.00857     0.0005        0.9   0.000447          0     0.0203      0.711      0.321          0          0          0          0
  5.27e-05       0.54   5.51e-05   0.000105       6.31        115          0       5.07       24.1      0.954       82.6       1.49      0.243    0.00889     0.0005       0.92   0.000412          0     0.0197      0.605      0.345          0          0          0          0
  5.27e-05       0.54   5.51e-05   0.000105       6.22       81.4          0       5.34       25.5       1.15       58.5        2.1      0.284    0.00969     0.0005      0.897   0.000498          0     0.0186      0.721      0.322          0          0          0          0
  5.27e-05       0.54    5.5e-05   0.000105       4.49        103          0       4.42       24.6       1.02       74.3       1.54      0.335    0.00862     0.0005      0.918   0.000447          0       0.02      0.658      0.348          0          0          0          0
  5.27e-05       0.54    5.5e-05   0.000105       5.01        112          0       4.82       22.8      0.867       80.8       1.71      0.326    0.00855     0.0005      0.914   0.000488          0     0.0197      0.704       0.36          0          0          0          0
  5.27e-05       0.54    5.5e-05   0.000105       4.79        120          0       4.69       23.4       1.05       86.4       1.63      0.341    0.00855     0.0005      0.933   0.000399          0     0.0192      0.774      0.404          0          0          0          0
  5.27e-05       0.54    5.5e-05   0.000105       4.23        104          0       4.27       23.2      0.885       75.3        1.6      0.345    0.00922     0.0005      0.914   0.000415          0     0.0196       0.67      0.373          0          0          0          0
  5.27e-05       0.54    5.5e-05   0.000105        4.9       89.2          0       4.07       29.3      0.883       64.3       1.21      0.248       0.01     0.0005      0.929   0.000569          0     0.0156      0.714      0.305          0          0          0          0
  5.27e-05       0.54    5.5e-05   0.000105       6.77        104          0       5.05         22        1.2       74.7        1.4      0.246    0.00954     0.0005      0.909   0.000475          0     0.0197      0.779      0.318          0          0          0          0
  5.27e-05       0.54    5.5e-05   0.000105       5.27       80.7          0        4.6       26.8       1.04       58.1       1.84      0.289       0.01     0.0005      0.941   0.000394          0     0.0178      0.599      0.308          0          0          0          0
  5.27e-05       0.54    5.5e-05   0.000105       5.41        116          0       4.74       26.7      0.834       83.4       1.57      0.279    0.00846     0.0005      0.928   0.000459          0      0.022      0.657      0.346          0          0          0          0
  5.27e-05       0.54   5.45e-05   0.000105       5.68       86.1          0       4.33       35.4       1.17         62       1.41      0.219       0.01     0.0005       0.95   0.000713          0      0.013       0.64      0.488          0          0          0          0
  5.27e-05       0.54   5.45e-05   0.000105       4.83       89.2          0       3.66       35.4       1.08       64.3       1.09      0.243       0.01     0.0005      0.944   0.000569          0     0.0133      0.624      0.362          0          0          0          0
  5.27e-05       0.54   5.45e-05   0.000105       4.36        105          0       4.44       28.3       1.25       75.6       1.88      0.341    0.00929     0.0005        0.9   0.000433          0     0.0226      0.579      0.393          0          0          0          0
  5.27e-05       0.54   5.43e-05   0.000105       5.73        121          0       4.98       28.9      0.736       87.3       2.03      0.283    0.00929     0.0005      0.926   0.000474          0     0.0227      0.809      0.197          0          0          0          0
  5.27e-05       0.54   5.43e-05   0.000105       5.39       87.4          0       4.22       38.2       1.11         63       1.12      0.217    0.00932     0.0005      0.946    0.00061          0     0.0121      0.583      0.287          0          0          0          0
  5.27e-05       0.54   5.43e-05   0.000105       3.86        122          0        4.4         29       1.35       88.1       1.57      0.402    0.00961     0.0005      0.928   0.000468          0     0.0244       0.72       0.28          0          0          0          0
  5.27e-05       0.54   5.42e-05   0.000105       4.24       86.4          0       3.68       24.4      0.918       62.3       1.28       0.27       0.01     0.0005      0.954   0.000697          0     0.0179      0.561      0.301          0          0          0          0
  5.27e-05       0.54   5.42e-05   0.000105        4.6        112          0       4.03       24.6       1.11       80.9       1.67      0.305    0.00842     0.0005       0.92   0.000391          0     0.0224      0.657      0.346          0          0          0          0
  5.27e-05       0.54   5.42e-05   0.000105       4.21        108          0       4.29         27       1.08       77.8       1.55      0.348    0.00951     0.0005      0.922   0.000438          0     0.0206      0.724      0.339          0          0          0          0
  5.27e-05       0.54   5.42e-05   0.000105       4.67        106          0       4.48       26.5      0.971       76.1       1.56      0.321    0.00889     0.0005      0.919   0.000443          0       0.02      0.673      0.351          0          0          0          0
  5.27e-05       0.54   5.42e-05   0.000105       3.69        126          0       3.79       25.4      0.991       90.6       1.72      0.352    0.00858     0.0005      0.922   0.000494          0     0.0191      0.474      0.332          0          0          0          0
  5.27e-05       0.54   5.42e-05   0.000105       4.63       91.5          0       3.61       37.5       1.13       65.9       1.11      0.216    0.00967     0.0005      0.932   0.000501          0     0.0128      0.676      0.372          0          0          0          0
  5.27e-05       0.54   5.42e-05   0.000105       4.17       96.4          0       4.41       28.5      0.991       69.5       1.55      0.365    0.00925     0.0005       0.92   0.000417          0     0.0205      0.632      0.321          0          0          0          0
  5.27e-05       0.54   5.42e-05   0.000105       4.68        118          0       4.76       24.6      0.876       84.7       1.63      0.335    0.00756     0.0005      0.919   0.000452          0     0.0201      0.672      0.368          0          0          0          0
  5.27e-05       0.54   5.42e-05   0.000105       5.94        105          0       5.12       26.2       1.01       75.6       1.21      0.284    0.00937     0.0005      0.903   0.000363          0     0.0247      0.557      0.319          0          0          0          0
  5.27e-05       0.54   5.42e-05   0.000105       5.05       89.6          0       4.83       26.5      0.976       64.5        1.7       0.31     0.0088     0.0005      0.906   0.000454          0     0.0257      0.672      0.349          0          0          0          0
  5.27e-05       0.54   5.42e-05   0.000105        5.1        106          0       4.62       24.8      0.992       75.3       1.56      0.332    0.00894     0.0005       0.92    0.00043          0     0.0197      0.668      0.338          0          0          0          0
  5.27e-05       0.54   5.42e-05   0.000105        5.5        128          0       5.18       24.2       1.06       92.3       1.24      0.306    0.00906     0.0005      0.924    0.00045          0     0.0158      0.711      0.314          0          0          0          0
  5.27e-05       0.54   5.42e-05   0.000105       5.81       97.3          0       5.26       27.9      0.977       70.2       1.26      0.292    0.00857     0.0005      0.907   0.000437          0     0.0172       0.62      0.338          0          0          0          0
  5.27e-05       0.54   5.42e-05   0.000105       7.09        106          0       6.05       24.6       1.14       76.6       1.54      0.256     0.0089     0.0005      0.899   0.000591          0     0.0215      0.733      0.337          0          0          0          0
  5.27e-05       0.54   5.42e-05   0.000105       4.71        108          0       4.09         27       1.13       77.6       1.84      0.257       0.01     0.0005      0.942   0.000433          0     0.0231      0.636      0.361          0          0          0          0
  5.27e-05       0.54   5.41e-05   0.000105       4.62        109          0       4.43       23.1       1.06       78.8       1.49       0.32    0.00908     0.0005      0.919   0.000415          0     0.0202      0.727      0.316          0          0          0          0
  5.27e-05       0.54   5.41e-05   0.000105        4.6        105          0       4.61       24.6      0.991       75.7       1.56      0.332    0.00889     0.0005       0.92   0.000433          0     0.0197      0.669      0.339          0          0          0          0
  5.27e-05       0.54   5.41e-05   0.000105       4.62       83.3          0        3.6       34.5        1.2       60.1       1.12      0.219    0.00961     0.0005      0.948   0.000576          0     0.0135      0.583      0.287          0          0          0          0
  5.27e-05       0.54   5.41e-05   0.000105        4.8        106          0       4.88       26.6      0.991       76.3       1.68      0.345    0.00992     0.0005       0.92   0.000416          0     0.0213      0.642      0.355          0          0          0          0
  5.27e-05       0.54   5.41e-05   0.000105       5.24        111          0       5.44       24.2      0.971       79.8       1.61      0.353    0.00934     0.0005      0.909   0.000468          0     0.0209       0.67      0.298          0          0          0          0
  5.27e-05       0.54   5.41e-05   0.000105       6.69        106          0       5.15       24.4       1.02       76.2       1.29      0.249       0.01     0.0005       0.92   0.000515          0     0.0214      0.661       0.37          0          0          0          0
  5.27e-05       0.54   5.41e-05   0.000105       5.11        130          0       4.67       20.1       1.02       93.8       2.17      0.332    0.00838     0.0005      0.907   0.000333          0      0.015      0.625      0.348          0          0          0          0
  5.27e-05       0.54   5.34e-05   0.000105       4.66       86.5          0       4.08       27.5      0.918       62.4       1.29      0.284       0.01     0.0005      0.928   0.000521          0     0.0169      0.763      0.321          0          0          0          0
  5.27e-05       0.54   5.34e-05   0.000105       4.73       93.5          0       4.63       24.2       1.05       67.4       1.67      0.332    0.00927     0.0005      0.919   0.000407          0     0.0169      0.749      0.354          0          0          0          0
  5.27e-05       0.54   5.34e-05   0.000105       4.72       89.2          0       3.54       37.4          1       64.3          1        0.2       0.01     0.0005      0.937     0.0005          0     0.0138      0.678       0.36          0          0          0          0
  5.27e-05       0.54   5.34e-05   0.000105       4.63       92.5          0       4.42       25.8      0.983       66.6       1.49      0.309    0.00995     0.0005      0.931   0.000504          0     0.0197      0.676      0.364          0          0          0          0
  5.27e-05       0.54   5.34e-05   0.000105       4.38        105          0       4.29       22.4       1.49       75.9       1.32      0.328    0.00834     0.0005      0.867   0.000528          0      0.029      0.621      0.341          0          0          0          0
  5.27e-05       0.54   5.34e-05   0.000105       4.52         84          0       3.38       36.9       1.23       60.6       1.03      0.201       0.01     0.0005      0.941   0.000462          0     0.0134      0.566      0.321          0          0          0          0
  5.27e-05       0.54   5.34e-05   0.000105        4.5        107          0       4.61       24.2      0.983       77.3       1.54      0.337    0.00895     0.0005      0.921   0.000436          0     0.0195      0.662      0.338          0          0          0          0
  5.27e-05       0.54   5.34e-05   0.000105       4.43       88.7          0       3.69       34.5       1.07         64       1.06      0.248       0.01     0.0005      0.945   0.000574          0     0.0133      0.629      0.364          0          0          0          0
  5.27e-05       0.54   5.34e-05   0.000105        4.8       85.2          0       4.11       29.2      0.933       61.4        1.3      0.275     0.0099     0.0005      0.932    0.00057          0     0.0172      0.752      0.303          0          0          0          0
  5.27e-05       0.54   5.34e-05   0.000105       4.53        122          0       4.35       23.7      0.887         88       1.16      0.312    0.00835     0.0005      0.918   0.000474          0     0.0207      0.572      0.339          0          0          0          0
  5.27e-05       0.54   5.34e-05   0.000105        4.8        105          0       4.61       23.8          1       75.7       1.72      0.311    0.00828     0.0005       0.91   0.000402          0     0.0186      0.764      0.361          0          0          0          0
  5.27e-05       0.54   5.34e-05   0.000105       4.74        112          0       4.34       26.4      0.932       80.6       1.46      0.313    0.00796     0.0005      0.913    0.00038          0     0.0197      0.627      0.291          0          0          0          0
  5.27e-05       0.54   5.34e-05   0.000105        5.1         98          0       4.66       26.8      0.945       70.5        1.6      0.301    0.00968     0.0005      0.922   0.000456          0     0.0201      0.615      0.357          0          0          0          0
  5.27e-05       0.54   5.34e-05   0.000105       5.14       98.6          0       5.07       29.8       1.15         71       1.63      0.332    0.00889     0.0005      0.906   0.000537          0     0.0174       0.67      0.339          0          0          0          0
  5.27e-05       0.54   5.34e-05   0.000105       5.16       85.5          0       4.61       24.6      0.948       61.6       1.56      0.293    0.00768     0.0005      0.914   0.000502          0     0.0181      0.638      0.437          0          0          0          0
  5.27e-05       0.54   5.34e-05   0.000105       5.17        123          0          5       24.6      0.745       88.7       1.65      0.398    0.00915     0.0005      0.931   0.000401          0     0.0196      0.576      0.326          0          0          0          0
  5.27e-05       0.54   5.34e-05   0.000105       5.18        118          0       5.33       27.9      0.958       85.4       1.56       0.35     0.0093     0.0005      0.926   0.000445          0     0.0209      0.748      0.332          0          0          0          0
  5.27e-05       0.54   5.34e-05   0.000105       5.26       97.5          0       4.75       28.4       1.07       70.2        1.6      0.292       0.01     0.0005      0.905   0.000403          0     0.0177       0.81      0.385          0          0          0          0
  5.27e-05       0.54   5.34e-05   0.000105       5.39        118          0       4.61       22.6      0.807       85.4       1.18      0.262       0.01     0.0005      0.918    0.00058          0      0.028      0.713      0.332          0          0          0          0
  5.27e-05       0.54   5.34e-05   0.000105       5.74        108          0       5.68       30.5       0.88       77.7       1.39      0.336    0.00694     0.0005      0.903   0.000519          0      0.023       0.69       0.42          0          0          0          0
  5.27e-05       0.54   5.34e-05   0.000105       5.78        103          0       4.61       27.1       1.08       73.9       1.35       0.22    0.00756     0.0005       0.92   0.000413          0     0.0168      0.775      0.315          0          0          0          0
  5.27e-05       0.54   5.34e-05   0.000105       5.86       91.3          0       3.95         21      0.991       65.6       1.61      0.173       0.01     0.0005      0.906    0.00029          0     0.0171      0.625      0.321          0          0          0          0
  5.27e-05       0.54   5.34e-05   0.000105       4.31         83          0       3.48       27.5       1.08       59.9       1.05      0.246       0.01     0.0005      0.948   0.000499          0     0.0145      0.625      0.322          0          0          0          0
  5.27e-05       0.54   5.34e-05   0.000105       4.89       89.4          0       3.54       38.3      0.997       64.5      0.992      0.199    0.00982     0.0005      0.936     0.0005          0     0.0139       0.66      0.356          0          0          0          0
  5.27e-05       0.54   5.34e-05   0.000105       4.23       87.3          0       3.56         36       1.12         63       1.12       0.25       0.01     0.0005      0.941   0.000512          0     0.0126      0.631      0.341          0          0          0          0
  5.27e-05       0.54   5.34e-05   0.000105       4.15       91.8          0       4.24       24.6       1.14       66.1       1.76      0.342    0.00914     0.0005      0.918   0.000461          0     0.0141      0.737      0.368          0          0          0          0
  5.27e-05       0.54   5.34e-05   0.000105       4.03       85.4          0       3.22       33.8        1.1       61.6       1.02      0.243       0.01     0.0005      0.935    0.00048          0     0.0146       0.62       0.33          0          0          0          0
  5.27e-05       0.54   5.34e-05   0.000105       3.99        116          0       3.92       23.4      0.983       83.2       1.51      0.318    0.00961     0.0005       0.92   0.000358          0     0.0201      0.656      0.339          0          0          0          0
  5.27e-05       0.54   5.34e-05   0.000105       3.86       78.7          0       3.53       41.2       1.18       56.8        1.1      0.299       0.01     0.0005      0.939   0.000584          0     0.0115      0.624        0.4          0          0          0          0
  5.27e-05       0.54   5.34e-05   0.000105       3.81         98          0       4.14       29.9      0.991       70.7       1.63      0.368    0.00798     0.0005      0.919   0.000509          0      0.015      0.495      0.456          0          0          0          0
  5.27e-05       0.54   5.34e-05   0.000105       3.78       88.9          0       3.09       36.8       1.08         64       1.26      0.243    0.00828     0.0005       0.95   0.000483          0     0.0137      0.563      0.405          0          0          0          0
  5.27e-05       0.54   5.34e-05   0.000105       3.55       85.2          0       3.33       33.2      0.917       61.5       1.23      0.307       0.01     0.0005      0.933   0.000517          0     0.0165      0.734      0.349          0          0          0          0
  5.27e-05       0.54   5.34e-05   0.000105       3.36        112          0        3.8       23.2      0.977         81       1.63      0.381    0.00876     0.0005       0.92   0.000469          0     0.0197      0.576      0.424          0          0          0          0
  5.27e-05       0.54   5.34e-05   0.000105       3.18        124          0       3.13       26.1      0.869       89.1       1.44      0.332    0.00889     0.0005      0.911   0.000566          0     0.0241      0.683        0.4          0          0          0          0
  5.27e-05       0.54   5.34e-05   0.000105       3.16        101          0       4.07       19.1      0.991       72.6       1.85      0.418    0.00807     0.0005      0.928   0.000375          0     0.0197      0.676      0.412          0          0          0          0
  5.27e-05       0.54   5.34e-05   0.000105       4.16        107          0       4.19       23.9      0.984       76.9       1.54      0.332     0.0091     0.0005      0.919   0.000423          0     0.0189      0.663      0.339          0          0          0          0
  5.27e-05       0.54   5.33e-05   0.000105       3.73       95.2          0       3.82       22.5       1.23       68.6       1.48      0.348    0.00702     0.0005      0.923   0.000478          0     0.0174      0.694      0.308          0          0          0          0
  5.27e-05       0.54   5.33e-05   0.000105       4.36        104          0        4.3       24.8       0.91       75.2       1.42      0.346    0.00723     0.0005      0.927   0.000433          0     0.0229      0.635      0.339          0          0          0          0
  5.27e-05       0.54   5.33e-05   0.000105       4.48       97.6          0       4.06       24.5       1.01       70.3       1.42      0.293    0.00948     0.0005      0.927   0.000371          0     0.0187      0.514      0.288          0          0          0          0
  5.27e-05       0.54   5.33e-05   0.000105       4.62        104          0       4.65       24.6      0.991         75       1.59      0.343    0.00913     0.0005      0.922   0.000435          0     0.0192      0.656      0.334          0          0          0          0
  5.27e-05       0.54   5.33e-05   0.000105       4.97        105          0       4.77       23.5      0.973       75.6       1.56      0.319    0.00889     0.0005      0.917   0.000456          0     0.0209      0.663      0.331          0          0          0          0
  5.27e-05       0.54   5.33e-05   0.000105       4.98        109          0       4.85       25.2        1.1       78.3       1.45      0.314    0.00901     0.0005      0.914   0.000394          0     0.0185       0.62      0.339          0          0          0          0
  5.27e-05       0.54   5.33e-05   0.000105       5.56        102          0       4.79       23.3          1       72.4       1.39      0.309    0.00985     0.0005       0.92   0.000421          0     0.0201      0.578      0.354          0          0          0          0
  5.27e-05       0.54   5.33e-05   0.000105       6.03        105          0       5.43       21.7      0.991       75.6       1.65      0.293    0.00764     0.0005      0.889   0.000442          0     0.0264      0.681       0.42          0          0          0          0
  5.27e-05       0.54   5.33e-05   0.000105       6.74        103          0       6.17       23.7      0.929       74.2       1.48        0.3    0.00857     0.0005      0.911   0.000464          0     0.0227      0.693       0.34          0          0          0          0
  5.27e-05       0.54   5.33e-05   0.000105       5.39        114          0       5.15       27.3       1.14       82.1       1.29      0.331    0.00815     0.0005      0.907   0.000343          0     0.0217       0.67      0.375          0          0          0          0
  5.27e-05       0.54   5.28e-05   0.000105       5.27       77.4          0       4.11       43.3       1.08       55.8       1.17      0.219       0.01     0.0005      0.926   0.000575          0     0.0122      0.772      0.318          0          0          0          0
  5.27e-05       0.54   5.28e-05   0.000105        4.9        107          0        4.7       24.6      0.981       76.8       1.56      0.313    0.00881     0.0005       0.92   0.000428          0     0.0188      0.669      0.336          0          0          0          0
  5.27e-05       0.54   5.28e-05   0.000105       4.79        108          0        4.7       23.9      0.926       77.9       1.56      0.332    0.00899     0.0005      0.921   0.000441          0     0.0183       0.67       0.35          0          0          0          0
  5.27e-05       0.54   5.28e-05   0.000105       4.79        105          0       4.67       24.8       0.98       75.9       1.51      0.327     0.0091     0.0005       0.92   0.000443          0     0.0194       0.67       0.34          0          0          0          0
  5.27e-05       0.54   5.28e-05   0.000105       4.71        105          0        4.6       24.4       1.01       75.6       1.51      0.325    0.00889     0.0005      0.916   0.000429          0     0.0197      0.671      0.338          0          0          0          0
  5.27e-05       0.54   5.28e-05   0.000105       4.55        103          0       4.55       25.8       1.05       74.2       1.53      0.343    0.00856     0.0005      0.921   0.000401          0     0.0187      0.668      0.349          0          0          0          0
  5.27e-05       0.54   5.26e-05   0.000105       4.66        105          0       4.52       24.2      0.975       75.6       1.51      0.328     0.0087     0.0005      0.919   0.000421          0     0.0193      0.699      0.346          0          0          0          0
  5.27e-05       0.54   5.26e-05   0.000105       4.65        108          0       4.54       25.9       1.03       77.5       1.46      0.326    0.00838     0.0005      0.923   0.000449          0     0.0217      0.679      0.359          0          0          0          0
  5.27e-05       0.54   5.26e-05   0.000105       4.64       89.2          0       3.71       37.1          1       64.3       1.23      0.216    0.00848     0.0005      0.948   0.000569          0     0.0146      0.698      0.393          0          0          0          0
  5.27e-05       0.54   5.26e-05   0.000105       4.61        105          0       4.61       20.6      0.989       75.6       1.75      0.332    0.00827     0.0005       0.92   0.000456          0     0.0255      0.833      0.349          0          0          0          0
  5.27e-05       0.54   5.26e-05   0.000105       4.55       88.3          0       3.63       35.9       1.09       63.7        1.1      0.243       0.01     0.0005      0.944   0.000571          0     0.0134      0.612      0.373          0          0          0          0
  5.27e-05       0.54   5.26e-05   0.000105       4.49        102          0       4.41       25.2       1.03       73.7       1.56      0.326    0.00824     0.0005      0.919   0.000427          0     0.0197      0.632      0.328          0          0          0          0
  5.27e-05       0.54   5.26e-05   0.000105        4.5        128          0       5.02       20.5       0.88         92       1.44      0.375       0.01     0.0005      0.923   0.000583          0      0.019      0.657      0.342          0          0          0          0
  5.27e-05       0.54   5.26e-05   0.000105       3.97        112          0       4.31       23.7       1.11       80.7        1.3      0.361     0.0092     0.0005      0.928   0.000525          0     0.0138       0.67      0.288          0          0          0          0
  5.27e-05       0.54   5.26e-05   0.000105       3.74        102          0       3.35       26.3      0.843       73.6       1.02      0.292    0.00992     0.0005      0.924   0.000504          0     0.0161      0.734      0.301          0          0          0          0
  5.27e-05       0.54   5.26e-05   0.000105       3.65       82.5          0       2.87       40.4       1.17       59.6      0.978      0.225       0.01     0.0005      0.934   0.000433          0     0.0109      0.669      0.334          0          0          0          0
  5.27e-05       0.54   5.26e-05   0.000105       3.28        124          0       3.15       25.1       1.15       88.9       1.69      0.314    0.00983     0.0005      0.921   0.000446          0      0.022      0.793      0.307          0          0          0          0
  5.27e-05       0.54   5.26e-05   0.000105       4.67        105          0       4.61       24.2      0.991       75.6       1.51      0.338     0.0085     0.0005       0.92   0.000435          0     0.0198      0.682      0.339          0          0          0          0
  5.27e-05       0.54   5.26e-05   0.000105       2.31       71.7          0       2.01       32.1       1.07       51.7       1.09      0.277    0.00873     0.0005      0.944   0.000617          0     0.0133       0.44      0.362          0          0          0          0
  5.27e-05       0.54   5.26e-05   0.000105       4.25        119          0       4.86       26.3       1.02       85.9       1.66      0.381    0.00843     0.0005      0.938   0.000433          0     0.0194      0.461      0.329          0          0          0          0
  5.27e-05       0.54   5.26e-05   0.000105       4.68        105          0       4.68       25.6      0.957       75.6       1.53      0.343    0.00889     0.0005      0.917   0.000448          0     0.0189      0.673      0.355          0          0          0          0
  5.27e-05       0.54   5.26e-05   0.000105       4.78       96.7          0        4.7       27.4       1.04       69.6       1.58       0.32    0.00914     0.0005      0.901   0.000418          0      0.021       0.76      0.347          0          0          0          0
  5.27e-05       0.54   5.26e-05   0.000105       4.72       89.1          0       4.12       29.2      0.882       64.2       1.33      0.273       0.01     0.0005      0.935   0.000536          0     0.0166      0.727      0.312          0          0          0          0
  5.27e-05       0.54   5.26e-05   0.000105       4.69        108          0        4.6       23.9      0.985         78       1.49      0.331    0.00847     0.0005      0.919   0.000443          0     0.0205      0.687      0.329          0          0          0          0
  5.27e-05       0.54   5.26e-05   0.000105       7.41        125          0       6.32       28.4       1.03       90.1      0.934      0.255    0.00728     0.0005      0.932   0.000566          0     0.0199       0.67      0.287          0          0          0          0
  5.27e-05       0.54   5.26e-05   0.000105        5.3        112          0          5         26      0.825       80.5       1.54      0.306    0.00753     0.0005       0.92   0.000356          0     0.0219      0.616      0.388          0          0          0          0
  5.27e-05       0.54   5.26e-05   0.000105        5.3       81.3          0       5.33       25.3       1.12       58.6       1.55      0.332       0.01     0.0005      0.944   0.000444          0     0.0197      0.774      0.339          0          0          0          0
  5.27e-05       0.54   5.26e-05   0.000105       5.13        107          0       4.97       25.4      0.913       77.5       1.24      0.317    0.00933     0.0005      0.903   0.000418          0     0.0209      0.678      0.278          0          0          0          0
  5.27e-05       0.54   5.26e-05   0.000105       5.01        104          0       4.61       30.1       1.06       75.1       1.71      0.303    0.00957     0.0005      0.918   0.000446          0     0.0205      0.612      0.348          0          0          0          0
  5.27e-05       0.54   5.26e-05   0.000105       5.13       81.6          0       3.87       33.2      0.961       58.8       1.41      0.219     0.0095     0.0005      0.921   0.000434          0     0.0185       0.73      0.338          0          0          0          0
  5.27e-05       0.54   5.26e-05   0.000105       4.88       72.7          0       4.13       28.1      0.955       52.5       1.24       0.28     0.0097     0.0005      0.937   0.000555          0     0.0189      0.713      0.299          0          0          0          0
  5.27e-05       0.54   5.26e-05   0.000105       4.87        108          0       4.76       24.6      0.991       77.5       1.62      0.319    0.00921     0.0005      0.926   0.000436          0     0.0209       0.73       0.35          0          0          0          0
  5.27e-05       0.54   5.26e-05   0.000105       4.81       88.6          0       3.38       37.1      0.988       63.9       1.01      0.191       0.01     0.0005       0.94   0.000525          0     0.0134      0.693      0.366          0          0          0          0
  5.27e-05       0.54   5.26e-05   0.000105       4.74        108          0       4.66       24.7      0.989       78.1       1.58      0.328    0.00889     0.0005      0.919   0.000443          0     0.0195      0.669      0.338          0          0          0          0
  5.27e-05       0.54   5.26e-05   0.000105       4.73       86.2          0       4.11       29.4      0.901       62.2       1.28      0.271       0.01     0.0005      0.934   0.000543          0     0.0172      0.734      0.301          0          0          0          0
  5.27e-05       0.54   5.26e-05   0.000105       4.97       89.2          0       4.98         31       1.17       64.3       1.56      0.332    0.00678     0.0005      0.931   0.000448          0     0.0203      0.704      0.341          0          0          0          0
  5.27e-05       0.54   5.25e-05   0.000105       3.86         88          0       3.86       24.6      0.968       63.4       1.53      0.342    0.00937     0.0005      0.911    0.00045          0     0.0181      0.782      0.364          0          0          0          0
  5.27e-05       0.54   5.25e-05   0.000105       3.19        121          0       3.44       23.4       1.04       87.3       1.79      0.356    0.00618     0.0005      0.907   0.000325          0     0.0246       0.67      0.291          0          0          0          0
  5.27e-05       0.54   5.25e-05   0.000105       3.56        101          0       3.61       24.6      0.894       72.9       1.64      0.348    0.00906     0.0005      0.922   0.000322          0      0.019      0.694      0.367          0          0          0          0
  5.27e-05       0.54   5.25e-05   0.000105       3.84       96.8          0       3.99       20.5       1.01       69.8       1.56      0.354    0.00732     0.0005      0.897   0.000459          0     0.0226      0.655       0.28          0          0          0          0
  5.27e-05       0.54   5.25e-05   0.000105       4.25        107          0        4.3         24          1       77.4        1.6      0.332    0.00905     0.0005      0.914   0.000415          0     0.0202      0.689      0.339          0          0          0          0
  5.27e-05       0.54   5.25e-05   0.000105       4.96        100          0       4.87       25.2          1       72.2       1.61       0.33    0.00936     0.0005      0.919    0.00045          0     0.0198      0.653      0.355          0          0          0          0
  5.27e-05       0.54   5.25e-05   0.000105       4.42       81.5          0       4.34       24.6      0.978       58.8       1.39      0.332    0.00742     0.0005      0.911   0.000433          0     0.0206      0.653      0.377          0          0          0          0
  5.27e-05       0.54   5.25e-05   0.000105          5       85.4          0       3.59       37.9      0.943       61.6      0.985      0.198       0.01     0.0005      0.937   0.000484          0     0.0138      0.678      0.366          0          0          0          0
  5.27e-05       0.54   5.25e-05   0.000105       4.39       98.3          0       4.43       27.1       1.12       70.9       1.35       0.34    0.00856     0.0005       0.92   0.000446          0     0.0188      0.686      0.363          0          0          0          0
  5.27e-05       0.54   5.24e-05   0.000105        5.3       86.9          0       4.02       34.6       1.21       62.7       1.08      0.225    0.00987     0.0005      0.947   0.000575          0      0.015      0.591      0.273          0          0          0          0
  5.27e-05       0.54   5.24e-05   0.000105       4.85        100          0       5.01       23.3      0.991       72.2       1.56      0.347    0.00892     0.0005       0.92   0.000403          0     0.0163      0.693      0.374          0          0          0          0
  5.27e-05       0.54   5.24e-05   0.000105        4.3         97          0        4.3       27.5      0.884       69.9       1.59       0.34    0.00872     0.0005       0.92   0.000394          0     0.0217      0.613      0.319          0          0          0          0
  5.27e-05       0.54   5.24e-05   0.000105       4.01        105          0       3.98       25.1      0.991       75.6       1.55      0.326    0.00889     0.0005      0.931   0.000418          0     0.0225      0.787      0.367          0          0          0          0
  5.27e-05       0.54   5.19e-05   0.000105       6.88        109          0       6.07       29.3       1.14       78.5       1.79      0.287    0.00883     0.0005       0.92   0.000435          0     0.0164      0.653      0.339          0          0          0          0
  5.27e-05       0.54   5.18e-05   0.000105       3.17        111          0       3.92         19      0.905       79.9       1.48      0.399       0.01     0.0005      0.915   0.000411          0     0.0255      0.682      0.308          0          0          0          0
  5.27e-05       0.54   5.18e-05   0.000105        4.6       96.8          0       4.13         25       1.05       69.8        1.4      0.292    0.00895     0.0005      0.927   0.000433          0     0.0207       0.67      0.335          0          0          0          0
  5.27e-05       0.54   5.18e-05   0.000105       3.69       96.2          0       3.39       29.5      0.847       69.3       1.45        0.3    0.00953     0.0005       0.91   0.000309          0     0.0215      0.774      0.404          0          0          0          0
  5.27e-05       0.54   5.18e-05   0.000105       4.06       97.5          0       3.87       26.2       1.01       70.3       1.38      0.323    0.00889     0.0005      0.909   0.000469          0     0.0197      0.617      0.339          0          0          0          0
  5.27e-05       0.54   5.18e-05   0.000105        4.2       85.6          0       3.64         34        1.1       61.7       1.11      0.255       0.01     0.0005      0.949   0.000614          0     0.0125      0.624      0.362          0          0          0          0
  5.27e-05       0.54   5.18e-05   0.000105       4.68        111          0       4.62       24.8       1.02       79.8       1.45      0.332    0.00889     0.0005      0.918   0.000423          0     0.0208      0.618      0.324          0          0          0          0
  5.27e-05       0.54   5.18e-05   0.000105       4.87        116          0       4.87       26.2       1.06       83.6       1.63      0.338    0.00962     0.0005      0.929   0.000342          0     0.0184      0.607      0.314          0          0          0          0
  5.27e-05       0.54   5.18e-05   0.000105       4.79        105          0       4.69       23.9      0.979       75.9       1.71      0.323    0.00851     0.0005      0.928   0.000446          0     0.0195      0.679       0.35          0          0          0          0
  5.27e-05       0.54   5.18e-05   0.000105       4.73       90.1          0       4.04       31.9      0.868         65       1.23       0.27       0.01     0.0005      0.928   0.000513          0     0.0168      0.761      0.296          0          0          0          0
  5.27e-05       0.54   5.18e-05   0.000105       4.88        105          0       4.61       23.9      0.891       75.6       1.71      0.306    0.00916     0.0005      0.922   0.000438          0     0.0182      0.679      0.328          0          0          0          0
  5.27e-05       0.54   5.18e-05   0.000105       4.96       91.3          0       4.02       28.8      0.883       65.9       1.21      0.253    0.00994     0.0005       0.93   0.000564          0      0.016      0.712      0.315          0          0          0          0
  5.27e-05       0.54   5.18e-05   0.000105       5.53       95.3          0       4.61       30.4      0.884       68.6       1.61       0.25       0.01     0.0005      0.916   0.000433          0     0.0234      0.543      0.266          0          0          0          0
  5.27e-05       0.54   5.18e-05   0.000105       5.06        111          0        5.1       24.6      0.929       80.1       1.46       0.35     0.0082     0.0005      0.921   0.000433          0     0.0197       0.67      0.322          0          0          0          0
  5.27e-05       0.54   5.18e-05   0.000105       8.03       56.4          0       5.31       21.4       1.08       40.5        1.7      0.182       0.01     0.0005      0.909    0.00052          0     0.0235        0.7      0.261          0          0          0          0
  5.27e-05       0.54   5.12e-05   0.000105       4.45       79.5          0       5.07       25.8      0.983       57.4       1.42      0.381    0.00636     0.0005      0.879   0.000449          0     0.0156        0.9       0.32          0          0          0          0
  5.27e-05       0.54   5.11e-05   0.000105       5.59       95.3          0       6.72       23.8      0.991       68.8       1.46      0.394    0.00912     0.0005       0.92   0.000423          0     0.0197      0.588      0.373          0          0          0          0
  5.27e-05       0.54   5.11e-05   0.000105       4.46        112          0       4.69         27      0.887       80.5       1.49      0.359    0.00889     0.0005      0.915   0.000405          0     0.0202      0.666      0.329          0          0          0          0
  5.27e-05       0.54   5.08e-05   0.000105       3.55        100          0       4.85       25.9      0.873       72.2       1.68      0.428    0.00889     0.0005      0.915   0.000478          0     0.0198      0.812      0.315          0          0          0          0
  5.27e-05       0.54   5.04e-05   0.000105       3.15        113          0       4.61       19.3      0.734       81.2       1.96      0.453    0.00815     0.0005      0.951   0.000433          0     0.0204       0.67      0.308          0          0          0          0
  5.27e-05       0.54   5.03e-05   0.000105       3.81        115          0       4.27       25.5      0.882       82.7       1.39      0.392    0.00889     0.0005      0.925   0.000399          0     0.0164      0.632      0.298          0          0          0          0
  5.27e-05       0.54   5.03e-05   0.000105       5.03       97.5          0       3.73       36.7       1.11       70.3       1.15      0.234       0.01     0.0005      0.941   0.000585          0     0.0131      0.642      0.362          0          0          0          0
  5.27e-05       0.54   5.03e-05   0.000105       8.13       94.5          0       5.44       21.5      0.558       67.9       1.31      0.267       0.01     0.0005      0.921   0.000447          0     0.0201      0.841      0.392          0          0          0          0
  5.27e-05       0.54   4.96e-05   0.000105        6.1        104          0       4.62       25.6      0.966       74.2       1.56      0.325    0.00948     0.0005       0.92   0.000433          0     0.0196      0.691      0.347          0          0          0          0
  5.27e-05       0.54   5.34e-05   0.000105       5.68        116          0       5.62       24.4      0.928       83.7        1.9      0.332       0.01     0.0005      0.921    0.00043          0     0.0188      0.574      0.368          0          0          0          0
  5.27e-05       0.54   4.75e-05   0.000105       5.81        105          0       4.61       24.6      0.991       75.6       1.56      0.332    0.00889     0.0005       0.92   0.000433          0     0.0197       0.67      0.339          0          0          0          0
  5.27e-05       0.54   4.52e-05   0.000105       2.94       53.8          0       3.43       38.5       1.17       38.8       1.05      0.389       0.01     0.0005      0.949   0.000605          0     0.0212      0.734      0.331          0          0          0          0
  5.27e-05       0.54   4.51e-05   0.000105       5.79        102          0        4.7       24.6      0.971       73.1       1.86       0.37    0.00874     0.0005       0.92   0.000452          0     0.0214      0.725      0.363          0          0          0          0
  5.27e-05       0.54    4.4e-05   0.000105       4.43         91          0       3.85         38      0.911       65.7      0.913      0.266    0.00967     0.0005      0.939   0.000619          0      0.014       0.65      0.396          0          0          0          0
  5.27e-05       0.54   4.38e-05   0.000105       4.44        127          0       4.59       32.7      0.991       91.8       1.02      0.352     0.0052     0.0005       0.92   0.000433          0     0.0183      0.462      0.256          0          0          0          0
